sign	id	agew_n	heightw_n	weightw_n	want_dietw_n	want_diet_1	id_p_createdw_n	waistw_n	bmi_finalw_n	bmi_1	recentw_n	seoul	metropol	otherregion	company	worker	etcwork	gender	married	d1	d2	d3	d4	loss_up	loss_down	loss_both	d_purpose1	d_purpose2	d_purpose3	diet_food	diet_clinic	20_female	PG01
0	snavy	0.38	0.50	0.17	0.16	1	0.31	0.25	0.15	1	1.00	1	0	0	0	0	1	1	0	0	1	0	1	0	0	1	0	0	1	1	0	1	0
0	rains77	0.38	0.61	0.43	0.24	1	0.53	0.38	0.40	2	1.00	1	0	0	1	0	0	1	0	0	0	0	0	0	0	1	1	0	0	1	0	1	0
0	ljy3338	0.16	0.17	0.27	0.28	2	0.00	0.38	0.43	2	0.25	1	0	0	1	0	0	1	0	0	0	0	0	0	0	1	1	0	0	1	0	1	0
0	sunyou33	0.54	0.33	0.27	0.20	1	0.00	0.38	0.35	2	0.61	0	0	1	0	0	1	1	1	1	0	0	0	0	1	0	0	1	0	1	0	1	0
0	do5do	0.70	0.28	0.17	0.08	1	0.02	0.25	0.25	2	0.00	1	0	0	1	0	0	1	0	0	1	0	0	0	0	1	0	0	1	1	0	0	0
0	meggyjin	0.43	0.06	0.00	0.00	1	0.00	0.41	0.06	1	0.09	0	0	1	1	0	0	1	0	0	0	0	0	0	0	0	0	0	1	1	0	1	0
0	xhslwldms	0.11	0.33	0.37	0.28	2	0.57	0.50	0.47	2	0.61	1	0	0	0	0	1	1	0	0	1	0	0	0	0	1	1	0	0	1	0	0	0
0	iris99	0.05	1.00	0.63	0.88	4	0.04	0.50	0.28	2	0.05	0	1	0	0	0	1	0	0	0	0	0	0	1	0	0	0	1	0	1	0	0	0
0	nosstar	0.65	0.61	0.33	0.36	2	0.00	0.41	0.29	2	0.15	0	0	1	0	1	0	1	0	1	0	0	0	0	0	1	1	0	0	1	0	1	0
0	jsy147	0.00	0.33	0.03	0.08	1	0.01	0.13	0.06	1	0.10	1	0	0	0	0	1	1	0	0	0	0	1	1	0	0	0	0	1	1	0	0	0
0	rkdtjsdud	0.00	0.33	0.00	0.00	1	0.00	0.00	0.00	1	0.09	1	0	0	0	0	1	1	0	0	0	0	1	0	0	1	1	0	0	1	1	0	0
0	angelmink	0.27	0.47	0.48	0.36	2	0.92	0.50	0.53	3	0.19	1	0	0	0	0	1	1	0	0	1	0	1	1	0	0	1	0	0	1	0	1	0
0	cutepuyo	0.16	0.22	0.00	0.00	1	0.00	0.00	0.00	1	0.20	0	0	1	0	0	1	1	0	0	1	0	0	0	0	1	1	0	0	1	1	1	0
0	ko803	1.00	0.06	0.67	0.28	2	0.99	0.88	1.00	4	0.91	1	0	0	1	0	0	1	0	1	0	0	0	0	0	1	0	1	0	0	1	0	0
0	y1126611	0.32	0.50	0.37	0.48	2	0.84	0.38	0.38	2	0.01	0	0	1	0	0	1	1	0	0	1	0	1	0	0	1	1	0	0	1	0	1	0
0	0162655575	0.05	0.61	0.07	0.16	1	0.34	0.41	0.00	1	0.58	1	0	0	0	0	1	1	0	0	0	0	0	0	1	0	1	0	0	1	0	0	0
0	jasp7778	0.38	0.28	0.43	0.08	1	0.00	0.88	0.58	3	0.01	0	1	0	1	0	0	1	0	0	1	0	1	0	0	1	0	1	0	1	0	1	0
0	tycoons88	0.81	0.06	0.10	0.08	1	0.00	0.41	0.28	2	0.35	0	1	0	0	0	1	1	0	1	1	0	0	0	1	0	0	1	0	1	0	0	0
0	poohwink	0.27	0.28	0.38	0.56	3	0.83	0.50	0.52	3	0.92	0	0	1	0	0	1	1	0	0	1	0	0	0	0	1	1	0	0	1	1	1	0
0	ok6140	0.48	0.33	0.10	0.08	1	0.21	0.00	0.14	1	0.27	0	0	1	0	0	1	1	1	0	0	0	0	0	1	0	1	0	0	1	0	1	0
0	rrhqhd	0.22	0.22	0.37	0.28	2	0.78	0.50	0.53	3	0.30	0	0	1	0	0	1	1	0	1	0	0	0	0	0	1	1	0	0	1	0	1	0
0	vov1211	0.16	0.06	0.03	0.00	1	0.01	0.25	0.19	1	0.20	0	0	1	0	0	1	1	0	0	0	0	0	0	0	1	0	0	1	1	0	1	0
0	0408go	0.91	0.61	0.83	0.88	4	0.00	0.41	0.86	4	0.88	0	0	1	0	0	1	1	1	1	0	1	0	0	0	1	0	1	0	1	0	0	0
0	ksh9191	0.86	0.33	0.07	0.08	1	0.00	0.25	0.10	1	0.20	0	0	1	0	0	1	1	1	1	0	0	0	0	0	1	0	1	0	1	0	0	0
0	sekdong	0.54	0.00	0.17	0.28	2	1.00	0.41	1.00	4	0.43	1	0	0	1	0	0	1	0	0	0	0	0	0	0	0	1	0	0	1	0	1	0
0	lee8227	0.16	0.22	0.30	0.28	2	0.26	0.25	0.44	2	0.18	0	0	1	0	0	1	1	0	0	1	0	0	0	1	0	1	0	0	1	0	1	0
0	oliveyoo	0.59	0.50	0.00	0.12	1	0.01	0.00	0.00	1	0.03	1	0	0	1	0	0	1	0	1	0	0	0	0	0	1	0	1	0	1	0	1	0
0	free7873	0.32	0.44	0.07	0.04	1	0.06	0.41	0.06	1	0.23	1	0	0	0	0	1	1	0	0	1	0	0	0	0	1	0	1	0	1	0	1	0
0	js1504	0.27	0.06	0.20	0.08	1	0.80	0.25	0.41	2	0.68	1	0	0	1	0	0	1	0	0	0	0	0	0	0	1	1	0	0	1	0	1	0
0	bobo5725	0.11	0.61	0.67	0.20	1	0.11	0.63	0.67	3	0.86	1	0	0	0	0	1	1	0	0	0	0	0	0	0	1	1	0	0	1	0	0	0
0	HAN2000A	0.43	0.67	0.30	0.36	2	0.00	0.38	0.23	1	0.97	1	0	0	0	0	1	1	0	1	0	1	0	0	1	0	1	0	0	1	0	1	0
0	kshee07	0.70	0.50	0.37	0.48	2	0.71	0.25	0.38	2	0.45	0	1	0	1	0	0	1	0	1	1	0	0	0	0	1	1	0	0	1	0	0	0
0	98755366	0.00	0.56	0.33	0.44	2	0.75	0.41	0.32	2	0.14	0	1	0	0	0	1	1	0	0	0	0	0	1	0	0	0	0	1	1	0	0	0
0	ujh0325	0.59	0.61	0.60	0.72	3	0.08	0.63	0.59	3	1.00	0	1	0	0	0	1	1	0	0	1	0	0	0	0	1	0	1	0	1	1	1	0
0	yoon002	0.59	0.33	0.37	0.28	2	0.00	0.38	0.47	2	0.78	1	0	0	1	0	0	1	0	1	0	0	0	1	0	0	0	1	0	1	1	1	0
0	ari1121	0.86	0.11	0.43	0.28	2	0.00	0.41	0.67	3	0.52	1	0	0	0	0	1	1	1	0	0	0	0	0	0	0	0	0	1	1	0	0	0
0	nanalee	0.91	0.06	0.43	0.20	1	0.14	0.41	0.71	3	0.73	0	0	1	0	0	1	1	1	1	0	0	0	0	0	1	1	0	0	1	0	0	0
0	any75	0.43	0.00	0.00	0.08	1	0.88	0.32	0.17	1	0.14	0	1	0	0	0	1	1	0	0	1	0	0	0	0	1	1	0	0	1	1	1	0
0	choids1052	0.43	0.39	0.40	0.48	2	0.75	0.50	0.48	2	0.53	0	1	0	0	0	1	1	0	0	0	0	0	0	0	1	0	1	0	1	0	1	0
0	karen0108	0.27	0.56	0.48	0.16	1	0.90	0.25	0.49	2	0.69	1	0	0	0	0	1	1	0	0	1	0	0	0	1	0	1	0	0	1	0	1	0
0	monroe	0.86	0.44	0.20	0.28	2	0.00	0.25	0.21	1	0.02	0	0	1	1	0	0	1	1	0	1	0	0	0	1	0	0	1	0	1	0	0	0
0	pigkbh	0.38	0.33	0.00	0.04	1	0.52	0.41	0.02	1	0.11	0	0	1	0	0	1	1	0	1	1	0	0	0	1	0	0	1	0	1	0	1	0
0	sadway0403	0.00	0.50	0.37	0.28	2	0.41	0.50	0.38	2	0.45	0	1	0	0	0	1	1	0	0	1	0	0	0	0	1	0	1	0	1	0	0	0
0	SJ5421	0.05	0.67	0.37	0.28	2	0.62	0.41	0.30	2	0.78	0	1	0	0	0	1	1	0	0	0	0	0	0	1	0	1	0	0	1	0	0	0
0	js211	1.00	0.11	0.20	0.32	2	0.04	0.25	0.38	2	0.65	0	1	0	0	0	1	1	0	0	1	0	0	0	0	1	0	1	0	1	0	0	0
0	y2kyk	0.27	0.50	0.40	0.24	1	0.79	0.41	0.42	2	0.97	0	1	0	0	0	1	1	0	0	0	0	0	0	0	0	1	0	0	1	1	1	0
0	9194	0.05	0.56	0.60	0.16	1	0.00	0.38	0.62	3	0.16	1	0	0	0	0	1	1	0	0	0	1	0	0	0	1	1	0	0	1	1	0	0
0	bjm1106	0.22	0.61	1.00	0.68	3	0.82	0.88	1.00	4	0.13	0	1	0	0	0	1	1	0	0	0	0	0	0	0	1	0	1	0	1	0	1	0
0	rstrauss	0.48	0.28	0.33	0.40	2	0.78	0.06	0.46	2	0.51	1	0	0	1	0	0	1	0	0	1	0	1	0	0	1	0	1	0	1	1	1	0
0	sunjy	0.81	0.00	0.17	0.20	1	0.25	0.38	0.39	2	0.00	1	0	0	1	0	0	1	1	0	0	0	0	0	0	1	0	1	0	0	1	0	0
0	avectoi7	0.48	0.61	0.30	0.28	2	0.81	0.63	0.25	2	0.83	1	0	0	1	0	0	1	0	1	1	0	1	0	0	1	0	1	0	1	0	1	0
0	flower5088	0.16	0.50	0.37	0.28	2	0.00	0.38	0.38	2	0.81	0	1	0	0	0	1	1	0	1	0	0	0	0	0	1	1	0	0	1	0	1	0
0	s1199	0.22	1.00	0.57	0.48	2	0.17	0.38	0.36	2	1.00	1	0	0	0	0	1	1	0	0	0	0	1	0	0	1	1	0	0	1	1	1	0
0	distopia	0.22	0.89	0.63	0.08	1	1.00	0.88	0.49	2	0.05	0	1	0	0	0	1	1	0	0	0	0	0	0	0	1	1	0	0	1	0	1	0
0	staryaya	0.11	0.78	0.37	0.08	1	0.65	0.25	0.25	1	0.53	1	0	0	0	0	1	1	0	0	1	0	0	0	0	1	1	0	0	1	0	0	0
0	duhee22	0.05	0.61	0.17	0.20	1	0.17	0.25	0.10	1	0.63	1	0	0	0	0	1	1	0	1	1	0	0	1	0	0	1	0	0	1	0	0	0
0	amy_ahn	0.54	0.33	0.37	0.28	2	0.00	0.25	0.47	2	0.39	0	1	0	0	0	1	1	0	0	1	0	0	0	0	1	1	0	0	1	0	1	0
0	zzem	0.43	0.22	0.37	0.28	2	0.86	0.41	0.53	3	0.60	1	0	0	0	0	1	1	0	0	0	0	0	1	0	0	0	0	1	1	0	1	0
0	3602620	0.70	0.28	0.27	0.40	2	0.11	0.38	0.37	2	0.61	0	0	1	1	0	0	1	0	0	0	0	0	0	0	1	1	0	0	1	0	0	0
0	jnlovesm	0.00	0.33	0.10	0.08	1	0.23	0.07	0.14	1	0.26	0	0	1	0	0	1	1	0	0	0	0	1	1	0	0	1	0	0	1	0	0	0
0	ghtjs11	0.22	0.22	0.17	0.08	1	0.06	0.25	0.28	2	0.36	0	1	0	1	0	0	1	0	0	0	0	1	0	0	1	1	0	0	1	0	1	0
0	jmercury	0.11	0.72	0.63	0.28	2	0.69	0.50	0.57	3	0.30	1	0	0	0	0	1	1	0	0	1	0	0	0	0	1	1	0	0	1	0	0	0
0	kudo_shi	0.38	0.33	0.23	0.20	1	0.00	0.38	0.31	2	0.67	0	1	0	1	0	0	1	0	0	1	0	0	0	0	1	0	0	1	1	0	1	0
0	ohjy04111	0.16	0.83	0.37	0.28	2	0.44	0.50	0.22	1	0.63	0	0	1	0	0	1	1	0	1	1	0	0	0	0	1	1	0	0	1	0	1	0
0	an1052	0.38	0.33	0.43	0.20	1	0.76	0.41	0.55	3	0.38	1	0	0	0	0	1	1	0	0	0	0	0	0	0	0	0	0	1	1	0	1	0
0	yal2004	0.22	0.78	0.37	0.28	2	0.77	0.41	0.25	1	0.53	1	0	0	0	1	0	1	0	0	1	0	1	0	0	1	1	0	0	1	0	1	0
0	ydimpna	0.75	0.33	0.00	0.00	1	0.03	0.00	0.00	1	0.10	0	0	1	0	0	1	1	0	1	1	0	0	0	1	0	1	0	0	1	0	0	0
0	blue1004	0.38	0.22	0.20	0.12	1	1.00	0.25	0.32	2	0.38	0	0	1	0	0	1	0	0	0	1	0	0	0	0	1	0	1	0	1	0	0	0
0	rabbit0504	0.48	0.50	0.50	0.36	2	0.02	0.25	0.54	3	0.35	1	0	0	0	0	1	1	0	1	0	0	1	0	0	1	1	0	0	1	1	1	0
0	bandits	0.16	0.50	0.23	0.20	1	0.08	0.13	0.23	1	0.88	0	0	1	0	0	1	1	0	0	0	0	0	0	0	1	1	0	0	1	0	1	0
0	chojmi	0.32	1.00	0.33	0.44	2	0.78	0.50	0.07	1	0.80	0	1	0	0	0	1	1	0	0	0	0	0	0	1	0	0	0	1	1	0	1	0
0	coolnicole	0.48	0.61	0.23	0.20	1	0.99	0.41	0.18	1	0.35	1	0	0	0	0	1	1	0	1	0	0	0	0	1	0	1	0	0	1	1	1	0
0	yjsi2000	0.32	0.61	0.43	0.48	2	0.00	0.38	0.40	2	0.07	0	0	1	0	0	1	0	0	0	0	0	0	0	0	1	1	0	0	1	0	0	0
0	ans21	0.27	0.39	0.33	0.28	2	1.00	0.57	0.40	2	0.10	1	0	0	0	0	1	1	0	0	0	0	0	0	0	0	0	0	1	1	0	1	0
0	jiminwin	0.00	1.00	1.00	1.00	4	0.01	0.88	0.73	3	0.19	0	1	0	0	0	1	0	0	0	0	0	0	0	0	1	1	0	0	1	0	0	0
0	haemisis	0.48	0.00	0.15	0.24	1	0.07	0.25	0.49	2	0.99	0	1	0	1	0	0	1	0	1	1	0	0	0	0	1	0	1	0	1	0	1	0
0	hahajy	0.32	0.28	0.13	0.28	2	0.58	0.32	0.21	1	0.30	0	1	0	0	0	1	1	0	1	0	0	0	0	0	1	1	0	0	1	0	1	0
0	life2327	0.32	0.22	0.13	0.24	1	0.00	0.25	0.24	1	0.03	0	1	0	1	0	0	1	0	0	0	0	0	0	1	0	0	1	0	1	0	1	0
0	encldi	0.00	0.06	0.17	0.20	1	0.00	0.13	0.36	2	0.24	1	0	0	0	0	1	1	0	0	0	0	0	0	1	0	1	0	0	1	0	0	0
0	choimoon	0.43	0.94	0.40	0.48	2	1.00	0.41	0.21	1	0.02	0	0	1	1	0	0	1	0	0	1	0	0	0	0	1	0	0	1	1	0	1	0
0	canco33	0.32	1.00	0.27	0.36	2	0.16	0.25	0.03	1	0.36	0	0	1	0	1	0	1	0	1	0	0	1	0	0	1	0	1	0	1	0	1	0
0	cjhrosa	0.97	0.72	0.37	0.48	2	0.00	0.25	0.28	2	0.00	0	1	0	0	0	1	1	1	0	0	0	0	0	0	1	0	1	0	1	0	0	0
0	dudrbs	0.27	0.33	0.00	0.08	1	0.00	0.13	0.02	1	0.19	1	0	0	0	0	1	1	0	1	0	0	0	1	0	0	1	0	0	1	0	1	0
0	hongc2	0.22	0.22	0.00	0.08	1	0.01	0.41	0.03	1	0.76	0	1	0	0	1	0	1	0	0	1	0	0	0	0	1	0	0	1	1	0	1	0
0	bhj24	0.05	0.25	0.07	0.08	1	0.00	0.00	0.14	1	0.07	0	1	0	0	0	1	1	0	0	1	0	1	0	1	0	1	0	0	1	0	0	0
0	st2p	0.54	0.39	0.37	0.32	2	0.45	0.50	0.44	2	0.00	1	0	0	1	0	0	1	0	0	1	0	1	0	0	1	0	1	0	1	0	1	0
0	nasilin52	0.27	0.50	0.17	0.24	1	0.17	0.13	0.15	1	0.16	1	0	0	0	0	1	1	0	0	1	0	0	0	0	1	0	1	0	1	1	1	0
0	gigelove	0.22	1.00	0.57	0.72	3	0.56	0.50	0.26	2	1.00	0	1	0	0	0	1	1	0	1	0	0	0	0	0	1	0	0	1	1	0	1	0
0	hjl0410	0.65	0.67	0.23	0.28	2	1.00	0.41	0.15	1	0.65	0	1	0	0	0	1	1	0	1	0	0	0	0	0	1	1	0	0	1	0	1	0
0	mmymoon	0.27	0.39	0.20	0.12	1	0.00	0.13	0.24	1	0.05	0	1	0	0	0	1	1	0	0	1	0	0	0	0	1	1	0	0	1	0	1	0
0	jewel2000	0.70	0.44	0.40	0.44	2	0.77	0.38	0.45	2	0.52	0	0	1	1	0	0	1	0	0	1	0	0	0	0	1	1	0	0	1	1	0	0
0	parkhr1129	0.75	0.61	0.30	0.20	1	0.02	0.25	0.25	2	0.01	1	0	0	0	0	1	1	1	0	0	0	0	0	0	1	0	1	0	1	0	0	0
0	9536083	0.32	0.56	0.25	0.28	2	0.00	0.41	0.22	1	0.00	0	0	1	0	0	1	1	0	1	0	0	0	0	1	0	1	0	0	1	0	1	0
0	aynn	0.32	0.89	0.53	0.56	3	0.00	0.38	0.38	2	0.07	0	0	1	0	1	0	1	0	0	1	0	1	0	0	1	1	0	0	1	1	1	0
0	tiamor	0.38	0.56	0.10	0.12	1	0.99	0.13	0.05	1	0.58	0	1	0	1	0	0	1	0	0	0	0	0	0	0	1	1	0	0	1	0	1	0
0	gangzi	0.27	0.13	0.05	0.08	1	0.00	0.41	0.18	1	0.10	0	0	1	0	0	1	1	0	1	0	0	0	0	1	0	1	0	0	1	0	1	0
0	handomi	0.43	0.72	0.33	0.36	2	0.72	0.25	0.24	1	0.88	0	1	0	0	0	1	1	0	0	0	0	1	0	1	0	1	0	0	1	0	1	0
0	poca76	0.43	0.22	0.57	0.36	2	0.90	0.63	0.78	4	0.00	0	0	1	0	0	1	1	0	0	1	0	0	0	1	0	1	0	0	1	0	1	0
0	yunsw	0.32	0.33	0.23	0.04	1	0.83	0.50	0.31	2	0.26	0	1	0	0	0	1	1	0	1	0	0	0	0	0	1	1	0	0	1	0	1	0
0	hei8941	0.97	0.22	0.10	0.08	1	0.00	0.38	0.20	1	0.27	1	0	0	0	0	1	1	1	1	0	0	0	0	0	1	0	1	0	1	0	0	0
0	pooh781202	0.32	0.33	0.17	0.08	1	0.95	0.41	0.23	1	0.06	1	0	0	1	0	0	1	0	1	1	0	0	0	0	1	1	0	0	1	0	1	0
0	sjpak1221	0.38	0.61	0.33	0.40	2	0.17	0.38	0.29	2	0.83	0	0	1	0	0	1	1	0	0	0	0	0	0	1	0	1	0	0	1	0	1	0
0	sukhk1	0.54	0.22	0.20	0.32	2	0.72	0.41	0.32	2	0.75	0	0	1	0	0	1	1	1	0	0	0	0	0	0	1	1	0	0	1	0	1	0
0	iconblue	0.59	1.00	0.80	0.88	4	0.00	0.75	0.55	3	0.25	0	0	1	0	0	1	0	1	0	0	0	0	0	0	1	0	1	0	1	0	0	0
0	molru	0.27	0.50	0.27	0.16	1	0.30	0.41	0.27	2	0.36	1	0	0	0	0	1	1	0	0	0	0	0	0	0	1	1	0	0	1	0	1	0
0	chiki95	0.43	0.33	0.13	0.08	1	0.68	0.13	0.18	1	0.38	1	0	0	0	0	1	1	0	1	0	0	0	0	0	1	1	0	0	1	0	1	0
0	ggoui	0.11	0.22	0.53	0.64	3	0.90	0.41	0.73	3	0.63	0	0	1	0	0	1	1	0	1	1	1	1	0	0	1	1	0	0	1	1	0	0
0	khkim7777	0.65	0.33	0.30	0.28	2	0.94	0.41	0.39	2	0.35	0	0	1	1	0	0	1	0	0	1	0	0	0	1	0	1	0	0	1	0	1	0
0	changhot	1.00	0.39	0.13	0.24	1	0.00	0.13	0.16	1	0.88	0	0	1	0	0	1	1	1	0	1	0	0	1	0	0	0	1	0	1	0	0	0
0	dok444	0.54	1.00	0.60	1.00	4	0.00	0.50	0.32	2	0.06	0	0	1	0	0	1	0	0	0	0	0	0	0	0	0	0	0	1	1	0	0	0
0	kkang8177	0.16	0.50	0.23	0.20	1	0.02	0.41	0.23	1	0.14	1	0	0	0	0	1	1	0	0	0	0	0	0	0	1	0	0	1	1	0	1	0
0	moon9516	0.54	0.97	0.48	0.44	2	1.00	0.41	0.29	2	0.00	1	0	0	1	0	0	1	0	0	0	0	0	0	1	0	1	0	0	1	0	1	0
0	wanttobe	0.27	0.83	0.10	0.12	1	0.00	0.25	0.00	1	0.24	1	0	0	0	0	1	1	0	0	1	0	1	0	0	1	1	0	0	1	0	1	0
0	tnwlsl0707	0.22	0.11	0.00	0.00	1	0.79	0.41	0.12	1	0.15	0	0	1	1	0	0	1	0	0	1	0	0	0	0	1	1	0	0	1	0	1	0
0	just77	0.00	0.33	0.37	0.48	2	0.10	0.41	0.47	2	0.33	0	0	1	0	0	1	1	0	0	1	0	1	0	0	1	0	0	1	1	0	0	0
0	hsmmi	0.43	0.50	0.20	0.32	2	0.56	0.25	0.19	1	0.95	1	0	0	0	0	1	1	0	1	0	0	0	0	0	1	1	0	0	1	0	1	0
0	ggbb11	0.38	0.00	0.00	0.00	1	0.00	0.13	0.33	2	0.18	0	0	1	0	0	1	1	0	0	1	0	0	0	0	1	1	0	0	1	0	1	0
0	eunski	0.59	0.78	0.77	0.68	3	0.06	0.63	0.69	3	1.00	0	1	0	0	0	1	1	0	0	1	0	0	0	0	1	1	0	0	1	1	1	0
0	topitoo	0.22	0.61	0.00	0.08	1	0.00	0.00	0.00	1	0.76	0	1	0	0	0	1	1	0	1	0	0	1	0	0	1	0	0	1	1	0	1	0
0	alslalsl99	0.43	0.72	0.57	0.48	2	0.34	0.63	0.50	2	0.13	1	0	0	1	0	0	1	0	0	1	0	0	0	0	1	0	1	0	1	0	1	0
0	mr3535	0.70	0.00	0.23	0.08	1	0.00	0.63	0.61	3	0.82	0	1	0	1	0	0	1	1	0	0	0	0	0	0	1	0	1	0	1	0	0	0
0	ring7756	0.11	0.50	0.10	0.08	1	0.02	0.13	0.07	1	0.59	1	0	0	0	0	1	1	0	0	1	0	0	0	1	0	1	0	0	1	0	0	0
0	slove999	0.27	0.78	0.60	0.36	2	0.00	0.41	0.51	3	0.25	1	0	0	0	0	1	1	0	0	1	0	1	0	0	1	1	0	0	1	0	1	0
0	velvet78	0.32	0.72	0.20	0.16	1	0.82	0.00	0.09	1	0.17	1	0	0	0	0	1	1	0	0	0	0	0	0	0	1	1	0	0	1	1	1	0
0	ssolsol	0.27	0.44	0.50	0.48	2	0.72	0.50	0.57	3	0.69	0	0	1	1	0	0	1	0	0	0	0	0	0	0	1	1	0	0	1	0	1	0
0	nin6232	0.81	0.22	0.50	0.28	2	0.00	0.41	0.69	3	0.42	1	0	0	1	0	0	1	1	1	0	0	0	0	0	1	0	1	0	1	0	0	0
0	i8i8i8i8	0.22	0.50	0.07	0.08	1	0.00	0.41	0.03	1	0.27	0	0	1	0	0	1	1	0	0	0	0	0	0	0	1	0	0	1	1	0	1	0
0	tooya404	0.38	0.61	0.17	0.28	2	0.48	0.38	0.10	1	0.95	0	1	0	1	0	0	1	0	1	1	0	0	0	0	1	0	0	1	0	1	1	0
0	yhulla	0.16	0.61	0.27	0.40	2	0.79	0.38	0.21	1	0.38	0	0	1	0	0	1	1	0	0	1	0	0	0	1	0	0	1	0	1	0	1	0
0	jongmi73	0.59	0.50	0.20	0.20	1	0.00	0.41	0.19	1	0.05	1	0	0	1	0	0	1	1	0	0	0	0	0	1	0	1	0	0	1	0	1	0
0	anny2468	0.54	0.39	0.00	0.00	1	0.71	0.00	0.00	1	0.52	0	0	1	1	0	0	1	1	0	1	0	0	0	0	1	1	0	0	1	0	1	0
0	bada868	0.65	0.72	0.23	0.28	2	0.77	0.41	0.13	1	0.15	0	0	1	1	0	0	1	0	1	1	0	0	0	0	1	1	0	0	0	1	1	0
0	aromatic	0.27	0.89	0.20	0.28	2	0.00	0.13	0.02	1	0.03	0	0	1	0	0	1	1	0	1	0	0	0	0	1	0	0	0	1	1	1	1	0
0	hje3788	0.00	0.06	0.23	0.04	1	0.42	0.57	0.45	2	0.35	0	0	1	0	0	1	1	0	0	0	0	0	0	0	1	1	0	0	1	0	0	0
0	kykyky21	0.22	0.44	0.00	0.00	1	0.00	0.13	0.00	1	0.01	0	1	0	0	0	1	1	0	0	0	0	1	0	1	0	0	0	1	1	1	1	0
0	ddogjini	0.75	0.33	0.20	0.28	2	0.60	0.25	0.27	2	1.00	1	0	0	1	0	0	1	0	0	1	0	0	0	1	0	0	1	0	1	1	0	0
0	kinsoon	1.00	0.33	0.51	0.52	3	0.45	0.63	0.64	3	0.10	0	0	1	0	0	1	1	1	1	1	0	0	0	0	1	0	1	0	1	0	0	0
0	sky9807	0.54	0.33	0.17	0.16	1	0.00	0.13	0.23	1	0.17	0	1	0	0	0	1	1	0	0	1	0	0	0	1	0	0	0	1	1	0	1	0
0	ymlee	0.75	0.61	0.10	0.16	1	0.24	0.41	0.02	1	0.61	1	0	0	1	0	0	1	1	1	1	0	0	0	1	0	1	0	0	1	0	0	0
0	leebh31	0.75	0.08	0.10	0.08	1	0.91	0.13	0.26	2	0.28	0	1	0	0	0	1	1	0	1	0	0	0	0	0	1	1	0	0	1	1	0	0
0	0551	0.27	0.17	0.13	0.28	2	0.17	0.38	0.26	2	0.94	0	0	1	0	0	1	1	0	1	1	0	0	0	0	1	0	1	0	1	0	1	0
0	hjlee90	0.70	1.00	0.57	0.56	3	0.00	0.50	0.36	2	0.58	1	0	0	0	1	0	1	1	0	0	0	0	0	0	1	0	1	0	1	0	0	0
0	rladudtlf	0.86	0.33	1.00	0.68	3	0.00	1.00	1.00	4	0.88	1	0	0	0	0	1	1	1	1	1	0	0	0	1	0	0	1	0	1	1	0	0
0	ybyy	0.22	0.83	0.37	0.28	2	0.01	0.38	0.22	1	0.20	0	0	1	0	1	0	1	0	0	0	0	0	1	0	0	1	0	0	1	0	1	0
0	Mekania	0.00	0.50	0.53	0.64	3	0.59	0.63	0.58	3	0.65	0	0	1	0	0	1	1	0	0	1	0	0	0	0	1	1	0	0	1	0	0	0
0	sms52	1.00	0.33	0.43	0.20	1	0.00	0.38	0.55	3	0.30	0	0	1	0	0	1	1	1	0	0	0	1	0	0	1	1	0	0	1	0	0	0
0	dkfkdjaak	0.00	0.61	0.17	0.16	1	0.00	0.00	0.10	1	0.05	1	0	0	0	0	1	1	0	0	0	0	1	0	0	1	1	0	0	1	1	0	0
0	JUL77	0.38	0.28	0.33	0.40	2	0.35	0.41	0.46	2	0.97	0	0	1	0	0	1	1	0	0	0	0	0	0	0	1	1	0	0	1	0	1	0
0	kmy7735	0.32	0.78	0.27	0.20	1	0.40	0.38	0.14	1	0.17	0	1	0	1	0	0	1	0	0	1	0	0	0	0	1	1	0	0	1	1	1	0
0	sunnirvana	1.00	0.39	0.23	0.24	1	0.15	0.38	0.28	2	0.63	0	0	1	0	0	1	1	0	0	0	0	0	0	1	0	1	0	0	1	0	0	0
0	profhong	1.00	0.28	0.33	0.44	2	0.00	0.41	0.46	2	0.19	0	1	0	1	0	0	1	1	0	0	0	0	0	0	0	0	0	1	1	0	0	0
0	sea123kr	0.59	0.50	0.27	0.28	2	0.98	0.25	0.27	2	0.69	0	1	0	1	0	0	1	0	0	0	0	1	0	0	1	0	1	0	1	0	1	0
0	cshcrony	0.59	0.39	1.00	0.48	2	0.00	0.38	1.00	4	0.34	0	1	0	0	0	1	1	0	0	0	1	0	0	0	1	0	1	0	1	0	1	0
0	rlaehdal	0.11	0.50	0.57	0.40	2	0.00	0.63	0.62	3	0.92	1	0	0	0	0	1	1	0	0	0	0	0	0	0	1	1	0	0	1	0	0	0
0	sera1213	0.59	0.50	0.60	0.40	2	0.00	0.63	0.65	3	0.19	1	0	0	0	0	1	1	1	1	0	0	0	0	0	1	0	1	0	1	0	1	0
0	olee1005	0.48	0.33	0.27	0.28	2	0.60	0.38	0.35	2	1.00	0	1	0	1	0	0	1	0	0	0	0	1	0	1	0	0	0	1	0	1	1	0
0	dufgufrk	0.43	0.39	0.67	0.20	1	0.00	0.88	0.80	4	0.02	1	0	0	1	0	0	1	0	0	1	0	1	0	0	1	1	0	0	1	0	1	0
0	0queen	0.43	0.78	0.10	0.20	1	0.00	0.00	0.00	1	0.15	0	1	0	0	0	1	1	0	0	1	0	1	1	0	0	1	0	0	1	0	1	0
0	nanpoong	0.16	0.44	0.67	0.80	4	0.83	0.44	0.76	4	0.07	0	0	1	0	0	1	1	0	1	0	0	0	0	0	1	1	0	0	1	0	1	0
0	a015388	0.48	0.28	0.77	0.56	3	0.00	0.88	0.99	4	0.15	0	0	1	0	1	0	1	0	0	1	0	0	0	0	1	0	1	0	1	1	1	0
0	kssi2001	0.59	0.61	1.00	0.88	4	0.05	0.88	1.00	4	0.89	0	1	0	0	0	1	1	1	0	0	0	0	0	0	1	0	1	0	1	1	1	0
0	8954love	0.16	0.78	1.00	1.00	4	0.29	1.00	0.94	4	0.35	1	0	0	0	0	1	1	0	0	0	0	0	0	0	1	0	1	0	1	0	1	0
0	smilegirl	0.22	0.61	0.17	0.20	1	0.00	0.25	0.10	1	0.16	0	0	1	0	0	1	1	0	0	1	0	1	0	0	1	1	0	0	1	0	1	0
0	phk6866	1.00	0.33	0.43	0.56	3	0.00	0.63	0.55	3	0.10	0	0	1	0	0	1	1	1	0	0	0	0	0	0	1	0	1	0	1	0	0	0
0	hobbangjr	0.22	1.00	0.70	0.68	3	0.12	0.88	0.50	3	0.94	0	1	0	1	0	0	1	0	0	0	0	0	0	0	1	1	0	0	1	0	1	0
0	pink1449	0.32	0.50	0.07	0.08	1	0.00	0.00	0.03	1	0.85	0	0	1	0	0	1	1	0	1	0	0	0	0	0	1	0	0	1	1	1	1	0
0	kkypin	0.59	0.56	0.07	0.08	1	0.82	0.00	0.01	1	0.06	0	1	0	1	0	0	1	1	0	0	0	1	0	1	0	1	0	0	1	0	1	0
0	gs03	0.38	0.06	0.60	0.28	2	1.00	0.63	0.92	4	0.50	1	0	0	1	0	0	1	0	0	1	0	0	0	0	1	1	0	0	1	0	1	0
0	bolddagoony	0.43	0.50	0.00	0.28	2	0.00	0.00	0.00	1	0.14	1	0	0	0	1	0	1	0	0	1	0	0	0	0	1	1	0	0	1	0	1	0
0	ljh3997	0.00	0.33	0.03	0.00	1	0.83	0.25	0.06	1	0.94	0	0	1	0	0	1	1	0	0	1	0	0	0	1	0	1	0	0	1	0	0	0
0	2817140	0.22	0.39	0.10	0.08	1	0.27	0.00	0.12	1	0.36	0	1	0	0	0	1	1	0	1	1	0	0	0	0	1	1	0	0	1	0	1	0
0	donghaya	0.54	0.33	0.63	0.48	2	0.97	0.73	0.79	4	0.44	0	0	1	0	0	1	1	1	1	0	0	0	0	0	1	0	1	0	1	1	1	0
0	rloveu486	0.27	0.33	0.02	0.04	1	0.00	0.13	0.04	1	0.88	1	0	0	0	0	1	1	0	1	0	0	0	1	0	0	1	0	0	1	0	1	0
0	ek1260	0.00	0.39	0.17	0.20	1	0.58	0.00	0.20	1	0.28	0	0	1	0	0	1	1	0	0	1	0	0	0	1	0	1	0	0	1	0	0	0
0	faple	0.22	0.39	0.32	0.28	2	0.01	0.50	0.38	2	0.01	0	1	0	0	0	1	1	0	0	0	0	0	0	0	1	1	0	0	1	0	1	0
0	halo007	0.81	0.17	0.07	0.16	1	0.00	0.25	0.18	1	0.09	0	1	0	0	0	1	1	1	0	0	0	0	0	0	1	0	0	1	1	0	0	0
0	ssj7007	0.70	0.17	0.00	0.00	1	0.26	0.00	0.05	1	0.14	0	0	1	0	0	1	1	0	0	1	0	0	0	0	1	1	0	0	1	0	0	0
0	ksjudy	0.43	0.78	0.50	0.48	2	0.59	0.41	0.40	2	0.34	1	0	0	0	0	1	1	0	1	0	0	0	0	1	0	1	0	0	1	0	1	0
0	kim760215	0.43	0.17	0.03	0.08	1	0.67	0.41	0.14	1	0.88	0	0	1	0	0	1	1	1	0	0	0	0	0	0	1	0	1	0	1	0	1	0
0	vestas	0.27	0.11	0.17	0.24	1	0.01	0.38	0.33	2	0.43	0	1	0	0	0	1	1	0	0	0	0	0	0	1	0	1	0	0	1	0	1	0
0	csj0510	0.48	0.44	0.70	0.28	2	0.00	0.41	0.80	4	0.00	1	0	0	1	0	0	1	0	1	1	0	0	0	0	1	0	1	0	1	1	1	0
0	sinspace	0.70	0.83	0.77	0.68	3	0.00	1.00	0.66	3	0.10	0	0	1	1	0	0	0	0	0	0	0	0	0	0	1	0	1	0	1	0	0	0
0	fennel	0.70	0.06	0.17	0.20	1	0.38	0.41	0.36	2	0.34	0	1	0	0	0	1	1	0	1	1	0	0	0	0	1	0	0	1	1	1	0	0
0	naenae	0.54	0.00	0.33	0.44	2	0.59	0.50	0.78	4	0.99	1	0	0	0	0	1	1	0	1	0	0	0	0	0	1	0	1	0	1	0	1	0
0	kwonys99	0.54	0.56	0.37	0.32	2	0.97	0.50	0.35	2	0.01	0	0	1	1	0	0	1	0	0	0	0	0	0	1	0	1	0	0	1	0	1	0
0	crocus00	0.16	0.22	0.27	0.16	1	0.21	0.38	0.40	2	0.47	0	0	1	0	0	1	1	0	0	1	0	0	0	1	0	1	0	0	1	0	1	0
0	01359	0.48	1.00	1.00	0.88	4	0.00	0.41	1.00	4	0.56	1	0	0	0	0	1	0	0	0	0	1	0	0	0	1	0	1	0	1	0	0	0
0	cogcoog	0.22	0.50	0.27	0.28	2	0.75	0.13	0.27	2	0.30	0	1	0	0	0	1	1	0	0	0	0	1	0	0	1	0	0	1	1	0	1	0
0	estherjh	0.22	0.61	0.43	0.28	2	0.76	0.41	0.40	2	0.51	1	0	0	0	0	1	1	0	0	0	0	0	0	0	0	0	0	1	1	0	1	0
0	yj5688	0.32	0.72	0.33	0.36	2	0.83	0.38	0.24	1	0.02	0	0	1	0	0	1	1	0	0	1	0	0	0	1	0	1	0	0	1	0	1	0
0	eden617	0.22	1.00	0.80	0.88	4	0.90	0.41	0.61	3	0.93	1	0	0	0	0	1	1	0	1	1	0	0	0	0	1	1	0	0	1	0	1	0
0	come0208	0.11	0.33	0.07	0.08	1	0.98	0.13	0.10	1	0.51	1	0	0	0	0	1	1	0	1	1	0	0	0	0	1	1	0	0	1	0	0	0
0	khjkhj	0.43	0.17	0.10	0.16	1	0.34	0.13	0.22	1	0.36	1	0	0	1	0	0	1	0	1	1	0	0	0	0	1	1	0	0	1	0	1	0
0	rlawjdtnr	1.00	0.33	0.47	0.48	2	0.00	0.63	0.59	3	0.36	0	0	1	0	0	1	1	1	1	1	0	0	0	0	1	0	1	0	1	0	0	0
0	wjdqhgus	0.05	0.56	0.07	0.08	1	0.00	0.00	0.01	1	0.09	0	0	1	0	0	1	1	0	0	1	0	0	1	0	0	1	0	0	1	0	0	0
0	helene117	0.65	0.17	0.00	0.08	1	0.00	0.41	0.09	1	0.24	1	0	0	0	0	1	1	0	1	0	0	0	0	1	0	0	1	0	1	0	1	0
0	ggcat	0.54	0.61	0.00	0.08	1	0.00	0.41	0.00	1	0.09	0	1	0	1	0	0	1	0	0	0	0	0	0	1	0	0	0	1	1	0	1	0
0	jjukkumi79	0.27	0.22	0.43	0.20	1	0.54	0.63	0.61	3	0.14	1	0	0	0	0	1	1	0	0	1	0	0	0	0	1	1	0	0	1	1	1	0
0	sumart	0.38	1.00	0.70	1.00	4	0.00	0.63	0.42	2	0.01	0	0	1	0	0	1	0	0	0	0	0	0	0	0	0	0	0	1	1	0	0	0
0	tiffany99	0.22	0.67	0.30	0.36	2	0.74	0.41	0.23	1	0.38	0	0	1	0	0	1	1	0	0	1	0	0	0	1	0	1	0	0	1	0	1	0
0	bluesky1253	0.05	0.61	0.10	0.08	1	0.00	0.00	0.02	1	0.17	0	0	1	0	0	1	1	0	0	0	0	0	0	0	1	1	0	0	1	0	0	0
0	mbb1020	0.48	0.33	0.27	0.16	1	0.00	0.38	0.35	2	0.00	0	0	1	1	0	0	1	0	1	0	0	0	0	0	1	1	0	0	1	0	1	0
0	pinkangel0307	0.05	0.33	0.43	0.08	1	0.17	0.50	0.55	3	0.81	0	0	1	0	0	1	1	0	0	1	0	0	0	0	1	1	0	0	1	0	0	0
0	0702seo	0.70	0.50	0.10	0.16	1	0.00	0.25	0.07	1	0.08	1	0	0	1	0	0	1	1	1	0	0	0	0	0	1	1	0	0	1	0	0	0
0	ftsjhk	0.00	0.50	0.17	0.20	1	0.01	0.25	0.15	1	0.28	0	0	1	0	0	1	1	0	0	0	0	1	0	1	0	0	0	1	1	0	0	0
0	whan05	1.00	0.33	0.60	0.68	3	0.15	0.88	0.75	3	0.77	0	1	0	1	0	0	0	1	0	0	1	0	0	1	0	0	1	0	1	0	0	0
0	bulrung	0.86	0.61	0.20	0.24	1	0.00	0.38	0.14	1	0.83	0	1	0	0	0	1	1	1	0	0	0	0	0	0	1	1	0	0	0	1	0	0
0	mmnn1818	0.32	0.00	0.07	0.08	1	0.11	0.25	0.26	2	0.36	1	0	0	0	0	1	1	0	0	1	0	0	0	0	1	1	0	0	1	0	1	0
0	rkskek	0.11	0.00	0.00	0.04	1	0.55	0.41	0.16	1	0.76	1	0	0	0	0	1	1	0	0	0	0	0	0	0	1	1	0	0	1	0	0	0
0	jinha	0.00	0.94	0.40	0.88	4	0.00	0.41	0.21	1	0.23	0	1	0	0	0	1	0	0	0	0	0	0	0	0	0	0	0	1	1	0	0	0
0	boxil015	0.43	0.44	0.37	0.36	2	0.17	0.38	0.41	2	0.36	0	0	1	1	0	0	1	0	0	0	0	0	0	0	1	1	0	0	1	0	1	0
0	aran0305	0.86	0.06	0.43	0.28	2	0.00	0.38	0.71	3	0.13	0	0	1	1	0	0	1	1	0	0	0	0	0	0	1	0	1	0	1	1	0	0
0	jee1980	0.22	0.33	0.27	0.36	2	0.21	0.25	0.35	2	0.43	0	1	0	0	0	1	1	0	1	0	0	0	0	0	1	0	0	1	1	0	1	0
0	sunae99	0.70	0.61	0.60	0.72	3	0.00	0.63	0.59	3	0.72	0	1	0	0	0	1	1	1	0	1	0	0	0	0	1	0	1	0	1	0	0	0
0	blue1529	0.81	0.33	0.17	0.32	2	0.02	0.17	0.23	1	0.14	1	0	0	1	0	0	1	0	0	0	0	0	0	0	1	1	0	0	1	0	0	0
0	uslla	0.38	0.61	0.43	0.28	2	0.00	0.41	0.40	2	0.64	0	0	1	1	0	0	1	0	0	0	0	0	0	0	1	0	1	0	1	0	1	0
0	pettymoon	0.48	0.33	0.30	0.44	2	0.10	0.41	0.39	2	0.88	0	0	1	0	0	1	1	1	0	0	0	0	0	1	0	0	0	1	1	0	1	0
0	ygunmi	0.32	0.50	0.07	0.08	1	0.00	0.13	0.03	1	0.17	1	0	0	0	1	0	1	0	1	0	0	0	0	1	0	0	0	1	1	0	1	0
0	zini2276	0.43	0.44	0.23	0.20	1	0.00	0.25	0.25	2	0.38	0	0	1	1	0	0	1	0	0	1	0	0	0	0	1	1	0	0	1	0	1	0
0	jrh4523	0.22	0.11	0.10	0.00	1	1.00	0.25	0.25	1	0.30	0	0	1	0	0	1	1	0	0	1	0	0	0	0	1	1	0	0	1	0	1	0
0	ace3492	0.70	1.00	1.00	1.00	4	1.00	1.00	0.93	4	0.19	1	0	0	1	0	0	0	0	0	0	1	0	0	0	1	1	0	0	1	0	0	0
0	jnet80	0.22	0.50	0.27	0.08	1	0.36	0.38	0.27	2	0.94	0	0	1	0	0	1	1	0	1	1	0	0	0	0	1	1	0	0	1	0	1	0
0	sejin1215	0.05	0.33	0.10	0.08	1	0.00	0.41	0.14	1	0.10	0	1	0	0	0	1	1	0	0	1	0	0	0	0	1	1	0	0	1	0	0	0
0	leekyunghye	1.00	0.44	0.33	0.28	2	0.00	0.38	0.37	2	0.38	0	0	1	0	0	1	1	1	1	0	0	0	0	0	1	1	0	0	1	1	0	0
0	athella	0.32	0.28	0.30	0.40	2	0.61	0.00	0.42	2	0.95	0	0	1	0	0	1	1	0	1	0	0	0	0	0	1	1	0	0	1	0	1	0
0	yujungim	0.38	0.50	0.77	0.60	3	0.99	0.25	0.85	4	0.90	0	0	1	0	0	1	1	0	0	1	0	0	0	0	1	1	0	0	1	1	1	0
0	scalet03	0.54	0.50	1.00	0.68	3	0.47	1.00	1.00	4	1.00	0	0	1	1	0	0	1	0	0	0	0	0	0	0	1	0	1	0	1	0	1	0
0	comely	0.38	0.94	0.67	0.80	4	0.33	0.41	0.49	2	0.11	1	0	0	1	0	0	1	0	0	1	0	0	0	1	0	1	0	0	1	0	1	0
0	money333	0.54	0.44	0.67	0.92	4	0.05	0.41	0.76	4	0.95	0	0	1	0	0	1	1	1	1	0	1	0	0	0	1	0	0	1	1	0	1	0
0	beangel	0.22	0.44	0.40	0.48	2	0.55	0.50	0.45	2	0.08	1	0	0	0	0	1	1	0	0	1	0	0	0	1	0	1	0	0	1	1	1	0
0	mrmoon23	0.05	0.14	0.00	0.00	1	0.93	0.00	0.00	1	0.38	0	0	1	0	0	1	1	0	0	0	0	1	0	0	1	1	0	0	1	0	0	0
0	alfkvv	0.05	0.17	0.07	0.08	1	0.00	0.41	0.18	1	0.22	0	0	1	0	0	1	1	0	0	0	0	0	0	0	1	1	0	0	1	0	0	0
0	ssolo22	0.00	0.76	0.22	0.28	2	0.07	0.25	0.10	1	0.52	0	1	0	0	0	1	1	0	1	0	0	0	0	1	0	1	0	0	1	0	0	0
0	happyrimi	0.27	0.39	0.38	0.48	2	0.00	0.38	0.46	2	0.74	0	0	1	1	0	0	1	0	0	1	0	1	0	0	1	1	0	0	1	1	1	0
0	ejrho	0.16	0.67	0.45	0.28	2	0.93	0.41	0.39	2	1.00	0	1	0	0	0	1	1	0	0	1	1	0	0	0	1	1	0	0	1	0	1	0
0	juya7200	0.43	0.17	0.13	0.08	1	0.15	0.13	0.26	2	1.00	0	0	1	0	0	1	1	0	1	1	0	0	0	0	1	0	1	0	1	0	1	0
1	blue5447	0.97	0.33	0.08	0.12	1	0.17	0.25	0.12	1	0.52	0	0	1	0	0	1	1	1	0	1	0	0	0	1	0	0	0	1	1	0	0	0
1	lkr21	0.59	0.61	0.37	0.44	2	0.02	0.41	0.33	2	0.93	1	0	0	0	0	1	1	0	0	0	0	0	0	1	0	1	0	0	1	0	1	0
1	swallow58	1.00	0.06	0.07	0.08	1	0.00	0.25	0.23	1	0.09	0	0	1	1	0	0	1	1	1	0	0	0	0	1	0	0	1	0	1	0	0	0
1	dodo914	0.16	0.61	0.03	0.16	1	0.58	0.00	0.00	1	0.01	0	1	0	0	0	1	1	0	0	0	0	0	0	0	1	1	0	0	1	1	1	0
1	carso	0.70	0.28	0.35	0.24	1	0.83	0.38	0.48	2	0.19	0	0	1	0	0	1	1	1	1	0	0	0	0	0	1	0	1	0	1	0	0	0
1	didskfk	0.00	0.22	0.30	0.08	1	0.00	0.38	0.44	2	0.70	1	0	0	0	0	1	1	0	0	0	0	0	0	0	1	1	0	0	1	0	0	0
1	sh0919	0.65	0.56	0.70	0.92	4	0.00	0.50	0.74	3	0.82	1	0	0	0	0	1	1	1	1	0	0	0	0	0	1	1	0	0	1	0	1	0
1	suni41	0.11	0.72	0.60	0.44	2	0.21	0.50	0.53	3	0.36	0	0	1	0	0	1	1	0	1	0	0	0	0	0	1	1	0	0	1	0	0	0
1	heeyat	0.05	0.44	0.10	0.08	1	0.00	0.13	0.10	1	0.19	1	0	0	0	0	1	1	0	0	1	0	1	1	0	0	0	0	1	1	0	0	0
1	hedio	0.11	0.78	0.37	0.40	2	0.47	0.38	0.25	1	0.30	0	0	1	0	0	1	1	0	1	1	0	1	0	0	1	1	0	0	1	0	0	0
1	kanglee3	0.65	0.11	0.53	0.68	3	0.00	0.88	0.80	4	0.61	1	0	0	0	0	1	1	1	1	1	0	1	0	1	0	0	1	0	1	0	1	0
1	kmk6510	0.43	0.33	0.07	0.00	1	0.79	0.13	0.10	1	0.93	0	1	0	1	0	0	1	0	1	1	0	0	0	0	1	0	1	0	1	0	1	0
1	sook77	0.38	0.33	0.13	0.24	1	0.02	0.13	0.18	1	1.00	1	0	0	0	0	1	1	0	1	1	0	0	0	0	1	1	0	0	1	0	1	0
1	all337	0.22	0.44	0.23	0.28	2	0.00	0.38	0.25	2	0.20	0	0	1	0	0	1	1	0	0	0	0	0	0	0	1	0	0	1	1	0	1	0
1	jjuyago	0.22	0.44	0.07	0.08	1	0.00	0.00	0.06	1	0.06	0	1	0	0	0	1	1	0	1	1	0	0	0	1	0	1	0	0	1	0	1	0
1	zeerocool	0.16	1.00	0.03	1.00	4	0.00	0.41	0.00	1	0.23	1	0	0	0	0	1	0	0	0	0	0	1	0	0	0	0	0	1	1	0	0	0
1	bibi282	0.11	0.33	0.27	0.20	1	0.00	0.25	0.35	2	0.18	0	0	1	0	0	1	1	0	0	0	0	0	1	0	0	0	1	0	1	0	0	0
1	rabbitmh	0.48	0.11	0.23	0.28	2	0.65	0.41	0.42	2	0.82	1	0	0	1	0	0	1	0	0	0	0	0	0	0	0	0	0	1	1	0	1	0
1	agsfd1592	1.00	0.56	0.50	0.44	2	0.00	0.50	0.51	3	0.19	0	0	1	0	0	1	1	1	0	0	0	0	0	0	1	0	1	0	1	0	0	0
1	manchee905	0.11	0.61	0.70	0.44	2	0.00	0.63	0.71	3	0.83	0	0	1	0	0	1	1	0	0	1	0	1	0	0	1	1	0	0	1	1	0	0
1	lieberf	0.16	0.61	0.70	0.84	4	0.44	0.41	0.71	3	0.70	1	0	0	0	0	1	1	0	0	0	0	0	0	1	0	1	0	0	1	0	1	0
1	houng723	0.32	0.83	0.67	0.68	3	0.00	0.88	0.55	3	0.17	0	0	1	0	0	1	1	0	1	0	0	0	0	0	1	0	1	0	1	1	1	0
1	jeenee2000	0.38	0.61	0.40	0.48	2	0.77	0.50	0.37	2	0.33	1	0	0	1	0	0	1	0	0	0	0	0	0	0	1	1	0	0	1	0	1	0
1	pureidea	0.27	0.33	0.00	0.00	1	0.00	0.00	0.00	1	0.43	1	0	0	0	0	1	1	0	1	0	0	0	0	0	1	1	0	0	1	0	1	0
1	yunji337	0.43	0.06	0.53	0.64	3	0.01	0.52	0.84	4	0.35	1	0	0	1	0	0	1	0	1	0	0	0	0	0	1	1	0	0	0	1	1	0
1	79ysy	0.43	0.56	0.20	0.20	1	0.00	0.25	0.16	1	0.27	1	0	0	1	0	0	1	0	0	1	0	0	0	0	1	0	0	1	1	0	1	0
1	jangmadame	0.43	0.56	1.00	1.00	4	0.52	0.41	1.00	4	0.95	0	0	1	1	0	0	1	0	0	0	0	0	0	1	0	1	0	0	1	1	1	0
1	hong80	0.22	0.50	0.37	0.24	1	0.00	0.38	0.38	2	0.84	0	1	0	0	0	1	1	1	1	1	0	0	0	1	0	0	1	0	0	1	1	0
1	zzminho	0.43	1.00	1.00	1.00	4	0.00	0.88	0.74	3	0.27	1	0	0	0	0	1	0	0	0	0	1	0	0	0	1	0	1	0	1	0	0	0
1	cielo1	0.48	0.33	0.37	0.24	1	0.66	1.00	0.47	2	0.86	0	0	1	0	0	1	1	0	0	1	0	1	0	1	0	0	1	0	1	1	1	0
1	euykyoun	1.00	0.11	0.60	0.40	2	0.01	0.63	0.89	4	0.02	1	0	0	1	0	0	1	1	1	0	0	0	0	0	1	0	1	0	1	1	0	0
1	pi0923	0.91	0.06	0.00	0.08	1	0.94	0.00	0.15	1	0.38	0	0	1	1	0	0	1	0	0	0	0	0	0	1	0	0	1	0	1	0	0	0
1	jinok5854	0.91	0.17	0.07	0.16	1	0.00	0.13	0.18	1	0.02	0	0	1	0	0	1	1	1	0	0	0	0	0	1	0	0	1	0	1	0	0	0
1	hwa6854	0.81	0.11	0.17	0.16	1	1.00	0.00	0.33	2	0.03	1	0	0	0	0	1	1	1	1	0	0	0	0	0	1	1	0	0	1	1	0	0
1	toy012	0.27	0.50	0.43	0.60	3	0.70	0.00	0.46	2	1.00	1	0	0	1	0	0	1	0	1	0	0	0	0	0	1	0	1	0	1	0	1	0
1	qq4685	0.32	0.17	0.00	0.04	1	1.00	0.41	0.05	1	0.14	0	0	1	0	0	1	1	0	0	0	0	0	0	0	1	0	0	1	1	0	1	0
1	polo522	0.27	0.61	0.07	0.08	1	0.00	0.00	0.00	1	0.00	0	1	0	0	0	1	1	0	0	1	0	1	0	0	1	1	0	0	1	0	1	0
1	kate7731	0.38	0.50	0.50	0.52	3	0.09	0.63	0.54	3	0.39	0	1	0	1	0	0	1	0	1	0	0	1	0	0	1	1	0	0	1	1	1	0
1	yunstars	0.38	0.17	0.03	0.04	1	0.00	0.13	0.14	1	0.19	0	0	1	0	0	1	1	0	0	0	0	1	0	0	1	1	0	0	1	0	1	0
1	phratia	0.27	0.17	0.03	0.12	1	1.00	0.41	0.14	1	0.02	1	0	0	0	0	1	1	0	0	0	0	0	0	0	1	1	0	0	1	0	1	0
1	mychunsa21	0.81	1.00	1.00	1.00	4	0.00	0.88	0.79	4	0.23	0	1	0	1	0	0	0	0	0	0	0	0	0	1	0	0	1	0	1	0	0	0
1	chunokoo	0.59	0.50	0.13	0.20	1	0.87	0.13	0.11	1	1.00	0	1	0	0	0	1	1	0	1	1	0	1	0	1	0	0	1	0	1	0	1	0
1	cmj6648	0.16	0.28	0.33	0.20	1	0.02	0.38	0.46	2	0.15	0	1	0	0	0	1	1	0	0	1	0	0	0	0	1	0	0	1	1	0	1	0
1	hastened	0.32	0.33	0.00	0.00	1	0.00	0.00	0.00	1	0.97	0	0	1	1	0	0	1	0	0	1	0	0	0	0	1	0	1	0	1	0	1	0
1	bites	0.16	0.72	0.23	0.28	2	0.81	0.25	0.13	1	0.86	0	1	0	0	0	1	1	0	1	1	0	1	0	0	1	1	0	0	1	0	1	0
1	maria711	0.16	0.22	0.03	0.00	1	0.80	0.13	0.11	1	0.10	0	1	0	0	0	1	1	0	0	0	0	0	0	0	1	1	0	0	1	0	1	0
1	sook6974	0.81	0.17	0.13	0.16	1	1.00	0.13	0.26	2	0.06	0	1	0	0	0	1	1	1	0	0	0	0	0	0	1	1	0	0	1	0	0	0
1	bomi_	0.27	0.33	0.00	0.00	1	0.00	0.00	0.00	1	0.07	0	1	0	0	0	1	1	0	0	1	1	0	0	0	1	1	0	0	1	0	1	0
1	toktoksy	0.70	0.50	0.10	0.20	1	0.00	0.41	0.07	1	0.38	0	0	1	1	0	0	1	0	0	0	0	0	0	0	0	0	0	1	1	0	0	0
1	darkjun99	0.00	0.61	0.43	0.28	2	0.00	0.41	0.40	2	0.05	1	0	0	0	0	1	0	0	0	0	0	0	0	0	1	1	0	0	1	0	0	0
1	boram326	0.43	0.22	0.17	0.16	1	0.00	0.41	0.28	2	0.01	0	0	1	1	0	0	1	0	0	0	0	0	0	0	1	1	0	0	1	0	1	0
1	brandy14	0.11	0.53	0.97	0.28	2	0.26	1.00	1.00	4	0.49	1	0	0	0	0	1	1	0	0	0	0	0	0	1	0	0	1	0	1	0	0	0
1	missu12	0.11	0.11	0.03	0.00	1	0.00	0.00	0.16	1	0.20	1	0	0	0	0	1	1	0	0	0	0	0	0	0	1	1	0	0	0	1	0	0
1	volcano4	0.27	1.00	0.93	0.68	3	0.00	0.88	0.75	3	0.22	1	0	0	0	0	1	1	0	1	0	0	1	0	0	1	0	0	1	1	1	1	0
1	prikim	0.05	0.67	1.00	1.00	4	0.78	0.88	1.00	4	0.00	1	0	0	0	0	1	1	0	0	1	0	0	0	1	0	1	0	0	1	0	0	0
1	depty	0.27	0.44	0.67	0.88	4	1.00	0.88	0.76	4	0.14	1	0	0	0	0	1	1	0	0	1	1	0	0	1	0	0	1	0	1	1	1	0
1	h2onammi	0.48	0.39	0.27	0.28	2	0.00	0.41	0.32	2	0.85	1	0	0	0	0	1	1	0	0	1	0	0	1	0	0	1	0	0	1	1	1	0
1	smuphat	0.27	0.61	0.37	0.36	2	0.81	0.38	0.33	2	0.09	1	0	0	0	0	1	1	0	0	0	0	0	0	0	1	1	0	0	1	0	1	0
1	sungard2	0.75	0.61	0.40	0.28	2	0.86	0.63	0.37	2	0.03	0	1	0	0	0	1	1	1	0	1	0	0	0	0	1	0	1	0	1	1	0	0
0	aaaa10	0.54	0.89	0.77	1.00	4	0.00	0.41	0.63	3	0.40	0	1	0	0	0	1	1	0	0	0	0	0	0	0	0	0	0	1	1	0	1	1
0	minju127	0.16	0.33	0.37	0.28	2	0.53	0.41	0.47	2	0.33	1	0	0	0	0	1	1	1	0	1	0	0	0	0	1	1	0	0	1	0	1	1
0	enheeya	0.65	0.00	0.17	0.20	1	0.79	0.13	0.42	2	0.61	0	0	1	0	0	1	1	1	0	0	0	0	0	1	0	0	1	0	1	0	1	1
0	yone1004	0.43	0.22	0.30	0.36	2	0.55	0.25	0.44	2	0.00	0	0	1	1	0	0	1	0	1	0	0	1	0	0	1	1	0	0	1	0	1	1
0	rezina	0.86	0.94	0.43	0.36	2	0.00	0.63	0.25	1	1.00	1	0	0	0	0	1	1	0	1	1	0	0	0	0	1	0	0	1	1	0	0	1
0	aaaa11	0.54	0.89	0.77	1.00	4	0.00	0.41	0.63	3	0.40	0	1	0	0	0	1	1	0	0	0	0	0	0	0	0	0	0	1	1	0	1	1
0	blue2803	0.59	0.06	0.17	0.32	2	0.28	0.41	0.36	2	0.16	0	0	1	0	0	1	1	1	1	0	0	0	0	0	1	0	1	0	1	0	1	1
0	gudtndi	0.48	0.36	0.68	0.68	3	0.00	0.88	0.83	4	0.02	0	1	0	1	0	0	1	0	0	0	0	1	0	0	1	0	0	1	1	0	1	1
0	myneline	0.81	0.25	0.47	0.56	3	1.00	0.41	0.64	3	0.06	1	0	0	0	0	1	1	1	0	0	0	0	0	0	1	0	1	0	1	0	0	1
0	skkyen	0.11	0.50	0.36	0.44	2	0.00	0.41	0.37	2	0.83	1	0	0	0	0	1	1	0	0	0	0	0	0	0	1	0	1	0	1	0	0	1
0	skylee	0.75	0.06	0.23	0.32	2	0.41	0.38	0.45	2	0.06	1	0	0	1	0	0	1	1	1	0	0	0	0	0	1	1	0	0	1	0	0	1
0	dudu96	0.48	0.28	0.40	0.60	3	0.73	0.38	0.54	3	0.27	1	0	0	1	0	0	1	0	1	0	0	0	0	0	1	0	1	0	1	0	1	1
0	jh0611	0.43	0.00	0.43	0.52	3	0.33	0.50	0.76	4	0.00	0	1	0	0	0	1	1	0	0	1	0	0	0	0	1	1	0	0	1	0	1	1
0	toma	0.22	0.50	0.53	0.44	2	0.23	0.50	0.58	3	0.61	0	0	1	0	0	1	1	0	0	1	0	0	0	0	1	1	0	0	1	0	1	1
0	hes9411	0.48	0.39	0.30	0.44	2	0.53	0.13	0.36	2	0.07	0	0	1	1	0	0	1	0	1	0	0	0	0	0	1	0	1	0	1	0	1	1
0	eee1985	0.43	0.61	0.20	0.28	2	0.95	0.41	0.14	1	0.26	0	0	1	1	0	0	1	0	0	0	0	0	0	0	1	0	1	0	1	0	1	1
0	sdw111	0.75	0.56	0.47	0.72	3	0.00	0.38	0.47	2	0.19	0	1	0	0	0	1	1	1	0	0	0	0	0	0	1	1	0	0	1	0	0	1
0	ha0602	0.91	0.00	0.27	0.36	2	0.03	0.63	0.59	3	0.00	0	1	0	0	0	1	1	1	0	0	0	0	0	0	1	0	0	1	1	0	0	1
0	lovestar1979	0.27	0.61	0.43	0.52	3	0.83	0.41	0.40	2	0.11	0	1	0	0	0	1	1	0	0	1	0	0	0	0	1	1	0	0	1	1	1	1
0	hslee	0.43	0.00	0.17	0.20	1	1.00	0.41	0.39	2	0.25	1	0	0	1	0	0	1	0	0	0	0	0	0	0	1	0	1	0	1	0	1	1
0	sharon78	0.32	0.28	0.23	0.28	2	0.81	0.00	0.33	2	1.00	1	0	0	1	0	0	1	0	1	1	0	0	0	0	1	1	0	0	1	1	1	1
0	hijaeeun	0.05	0.11	0.43	0.28	2	0.00	0.50	0.67	3	0.42	1	0	0	0	0	1	1	0	0	0	0	0	0	0	1	1	0	0	1	0	0	1
0	cflora	0.38	0.33	0.23	0.32	2	0.98	0.41	0.31	2	0.20	0	0	1	1	0	0	1	0	0	1	0	0	0	0	0	0	1	0	1	0	1	1
0	ljh0407	0.16	0.50	0.40	0.40	2	0.12	0.41	0.42	2	0.24	1	0	0	0	0	1	1	0	0	0	0	0	0	0	0	0	0	1	1	0	1	1
0	hh991211	0.59	0.33	0.33	0.40	2	0.00	0.38	0.43	2	0.00	1	0	0	1	0	0	1	1	1	0	0	0	0	1	0	0	1	0	0	1	1	1
0	sunnyyoon7	0.48	0.56	0.60	0.36	2	0.01	0.41	0.62	3	0.28	1	0	0	0	0	1	1	1	0	0	0	0	0	1	0	0	0	1	1	0	1	1
0	blueseagul	0.16	0.50	0.30	0.36	2	0.77	0.25	0.30	2	0.99	1	0	0	0	0	1	1	0	1	1	0	0	0	0	1	1	0	0	1	0	1	1
0	yejumam	0.38	0.50	0.43	0.52	3	0.00	0.41	0.46	2	0.20	0	0	1	0	0	1	1	1	0	1	0	0	0	0	1	1	0	0	1	0	1	1
0	sense1977	0.38	0.50	0.37	0.32	2	0.29	0.41	0.38	2	0.90	0	1	0	0	0	1	1	0	0	1	0	0	0	0	1	1	0	0	1	0	1	1
0	tjwjd23kr	0.91	0.22	0.17	0.24	1	0.01	0.25	0.28	2	0.05	0	1	0	1	0	0	1	0	0	1	0	0	0	1	0	1	0	0	1	0	0	1
0	somi0628	0.70	0.94	0.77	0.96	4	0.02	0.88	0.60	3	0.00	0	1	0	0	0	1	1	1	1	1	0	0	0	1	0	1	0	0	1	0	0	1
0	lykyung	0.70	0.22	0.33	0.40	2	1.00	0.38	0.49	2	0.02	0	0	1	0	0	1	1	1	0	1	0	0	0	0	1	0	1	0	0	1	0	1
0	79ohj	0.27	0.67	0.50	0.60	3	0.39	0.88	0.45	2	0.01	0	0	1	0	0	1	1	0	1	1	0	0	0	0	1	1	0	0	1	0	1	1
0	leesunlee	0.32	1.00	1.00	0.68	3	0.00	0.41	0.85	4	0.00	0	0	1	1	0	0	1	0	0	1	0	1	0	0	1	0	1	0	1	1	1	1
0	whoami9	0.59	0.44	0.50	0.60	3	0.85	0.41	0.57	3	0.16	0	1	0	0	1	0	1	0	0	0	0	0	0	0	1	0	0	1	1	0	1	1
0	youmehwa	0.59	0.61	0.27	0.36	2	0.00	0.38	0.21	1	0.17	0	1	0	0	0	1	1	0	1	1	0	0	0	0	1	1	0	0	1	0	1	1
0	dpsmj	0.43	0.50	0.08	0.12	1	0.40	0.00	0.05	1	0.09	0	0	1	0	0	1	1	0	1	1	0	1	0	0	1	1	0	0	1	0	1	1
0	hyejim4004	0.22	0.33	0.17	0.20	1	0.00	0.00	0.23	1	0.26	0	1	0	0	0	1	1	0	0	1	0	1	0	0	1	1	0	0	1	0	1	1
0	la369369	0.22	0.50	0.13	0.20	1	0.45	0.13	0.11	1	0.00	0	0	1	0	0	1	1	0	0	0	0	0	0	0	0	0	0	1	1	0	1	1
0	laeti	0.48	0.44	0.23	0.28	2	0.06	0.38	0.25	2	0.01	1	0	0	1	0	0	1	0	0	0	0	0	0	0	1	1	0	0	1	0	1	1
0	yb7859	0.54	0.44	0.37	0.40	2	0.01	0.25	0.41	2	0.02	0	0	1	0	0	1	1	0	1	1	0	0	0	0	1	1	0	0	1	0	1	1
0	chubbygirl	0.43	1.00	0.77	0.92	4	0.92	0.41	0.52	3	0.45	0	1	0	1	0	0	1	0	0	1	0	0	0	0	1	0	0	1	1	0	1	1
0	minj1110	0.59	0.56	0.73	0.00	1	0.07	1.00	0.78	4	1.00	0	1	0	0	0	1	1	1	0	0	1	0	0	0	1	0	1	0	1	0	1	1
0	ejoocool	0.48	0.28	0.43	0.20	1	0.03	0.50	0.58	3	0.80	1	0	0	1	0	0	1	1	0	1	0	0	0	0	1	1	0	0	0	1	1	1
0	gelpos	0.43	0.06	0.27	0.36	2	1.00	0.38	0.49	2	0.17	0	1	0	0	1	0	1	0	0	1	0	0	0	1	0	1	0	0	1	0	1	1
0	aaaa05	0.54	0.89	0.77	1.00	4	0.00	0.41	0.63	3	0.40	0	1	0	0	0	1	1	0	0	0	0	0	0	0	0	0	0	1	1	0	1	1
0	netkill	0.48	0.33	0.40	0.52	3	0.00	0.38	0.51	3	0.18	1	0	0	1	0	0	1	0	0	0	0	0	0	1	0	1	0	0	1	1	1	1
0	badajiju	0.22	0.67	0.53	0.56	3	0.28	0.22	0.49	2	0.00	0	0	1	0	0	1	1	0	0	0	0	0	0	0	1	1	0	0	1	0	1	1
0	kyung0023	0.48	0.33	0.93	1.00	4	0.00	0.88	1.00	4	0.65	1	0	0	0	1	0	1	0	1	1	0	0	0	0	1	1	0	0	1	0	1	1
0	soggub	0.54	1.00	0.77	0.92	4	0.00	0.63	0.57	3	0.16	0	0	1	1	0	0	1	1	0	1	0	0	0	1	0	0	1	0	1	0	1	1
0	oneun	0.22	0.72	0.68	0.88	4	0.73	0.63	0.63	3	0.69	0	0	1	0	0	1	1	0	1	1	0	1	0	0	1	1	0	0	1	0	1	1
0	kamja77	0.16	0.00	0.27	0.24	1	1.00	0.63	0.65	3	0.19	1	0	0	0	0	1	1	0	0	0	0	0	0	0	1	1	0	0	1	0	1	1
0	MYHEE001	0.32	0.50	0.77	0.08	1	0.26	0.63	0.85	4	1.00	0	0	1	1	0	0	1	0	1	1	0	1	0	0	1	0	1	0	1	0	1	1
0	anniver	0.11	0.83	0.80	0.96	4	0.00	0.88	0.69	3	0.10	0	1	0	0	0	1	1	0	0	1	0	0	0	0	1	1	0	0	1	0	0	1
0	hessea	0.16	0.50	0.93	1.00	4	0.77	0.41	1.00	4	0.28	0	1	0	0	0	1	1	0	1	1	0	0	0	0	1	0	1	0	1	0	1	1
0	babi49	0.27	0.61	0.47	0.56	3	0.40	0.25	0.44	2	0.14	0	0	1	1	0	0	1	0	0	1	0	0	0	1	0	1	0	0	1	0	1	1
0	nankmk	0.43	0.61	0.37	0.52	3	0.74	0.38	0.33	2	0.13	0	0	1	1	0	0	1	0	0	1	0	0	0	1	0	0	1	0	1	1	1	1
0	weirdy	0.43	0.22	0.20	0.24	1	0.92	0.25	0.32	2	0.00	0	0	1	0	0	1	1	0	1	1	0	0	0	1	0	1	0	0	1	1	1	1
0	attagal	0.65	0.61	0.23	0.28	2	0.03	0.00	0.18	1	1.00	0	1	0	1	0	0	1	0	0	1	0	0	0	1	0	0	1	0	1	1	1	1
0	guccimaniac	0.22	0.33	0.50	0.60	3	0.52	0.71	0.63	3	0.35	0	1	0	0	0	1	1	0	1	0	0	0	0	0	1	1	0	0	1	1	1	1
0	jamaisvu	0.48	0.56	0.67	0.44	2	0.96	0.75	0.70	3	0.42	1	0	0	0	0	1	1	0	0	1	0	0	0	0	0	1	0	0	1	0	1	1
0	pporolee	0.11	0.50	0.37	0.36	2	0.44	0.41	0.38	2	0.52	1	0	0	0	1	0	1	0	0	1	0	0	0	1	0	1	0	0	1	0	0	1
0	joy3206	0.22	0.44	0.33	0.40	2	0.29	0.25	0.37	2	0.06	0	0	1	1	0	0	1	0	0	1	0	0	0	1	0	0	0	1	1	0	1	1
0	love1357	1.00	0.61	0.50	0.48	2	0.03	0.50	0.48	2	0.84	0	1	0	0	0	1	1	0	0	0	1	0	0	0	1	0	1	0	1	0	0	1
0	Jscorpion	0.59	0.33	0.43	0.52	3	0.03	0.66	0.55	3	0.00	0	0	1	0	0	1	1	1	1	1	0	0	0	0	1	1	0	0	1	0	1	1
0	aaaa15	0.54	0.89	0.77	1.00	4	0.02	0.41	0.63	3	0.33	0	1	0	0	0	1	1	0	0	0	0	0	0	0	0	0	0	1	1	0	1	1
0	mkjung	0.54	0.44	0.37	0.44	2	0.04	0.25	0.41	2	0.67	0	1	0	1	0	0	1	1	0	1	0	0	0	0	1	0	1	0	1	0	1	1
0	tsis1004	0.59	0.67	0.37	0.40	2	0.01	0.25	0.30	2	0.00	1	0	0	1	0	0	1	0	0	1	0	0	0	1	0	0	1	0	1	0	1	1
0	zhss025	0.48	0.67	0.67	0.48	2	0.19	0.41	0.64	3	0.56	1	0	0	1	0	0	1	0	0	1	0	0	0	0	1	0	0	1	1	1	1	1
0	seayoun538	0.27	0.11	0.03	0.04	1	0.47	0.00	0.16	1	0.13	0	0	1	0	0	1	1	0	1	0	0	0	0	0	1	0	1	0	1	0	1	1
0	thgussl	0.05	0.78	0.37	0.44	2	0.88	0.25	0.25	1	0.11	1	0	0	0	0	1	1	0	0	1	0	0	0	1	0	1	0	0	1	0	0	1
0	mano	0.54	0.00	0.00	0.12	1	0.67	0.00	0.28	2	0.30	0	1	0	1	0	0	1	0	0	0	0	0	0	0	1	1	0	0	1	0	1	1
0	bbootti	0.38	0.61	0.30	0.36	2	0.92	0.25	0.25	2	0.14	1	0	0	1	0	0	1	0	0	0	0	1	0	1	0	0	0	1	1	0	1	1
0	1sunnyj	0.38	0.67	0.70	0.84	4	0.00	1.00	0.68	3	0.16	1	0	0	0	0	1	1	0	1	0	0	1	0	0	1	0	0	1	1	0	1	1
0	rosaria9	0.86	0.00	0.07	0.00	1	0.24	0.25	0.35	2	0.58	0	1	0	1	0	0	1	1	0	0	0	0	0	0	1	1	0	0	1	1	0	1
0	mongsil6	0.65	0.44	0.37	0.48	2	0.00	0.41	0.41	2	1.00	1	0	0	0	0	1	1	0	0	0	0	0	0	0	1	1	0	0	1	0	1	1
0	atom147741	0.59	0.33	0.30	0.44	2	0.00	0.63	0.39	2	0.15	0	0	1	1	0	0	1	1	0	1	0	0	0	0	1	0	1	0	1	0	1	1
0	kuna_k	0.70	0.06	0.30	0.36	2	0.00	0.38	0.53	3	0.69	0	1	0	0	0	1	1	1	0	0	0	0	0	0	1	0	1	0	1	0	0	1
0	misun2004	0.70	0.61	0.53	0.48	2	0.03	0.38	0.52	3	0.00	0	0	1	0	0	1	1	1	1	1	1	0	0	0	1	0	1	0	1	0	0	1
0	suhong20	1.00	0.78	0.77	0.68	3	0.00	0.41	0.69	3	0.30	1	0	0	0	0	1	1	1	0	0	0	0	0	0	0	0	0	1	1	0	0	1
0	sunnythin	0.86	0.50	1.00	1.00	4	0.00	1.00	1.00	4	0.18	1	0	0	0	0	1	1	0	1	0	0	0	0	0	1	0	1	0	1	0	0	1
0	freshfmnl	0.05	0.89	0.70	0.60	3	0.00	0.41	0.56	3	0.38	0	0	1	0	0	1	1	0	0	0	0	0	0	0	0	0	0	1	1	0	0	1
0	youi1976	0.43	0.22	0.57	0.68	3	0.00	0.50	0.78	4	0.80	1	0	0	0	0	1	1	0	0	0	0	0	0	0	1	1	0	0	1	0	1	1
0	byunmi	0.27	0.33	0.00	0.00	1	1.00	0.00	0.00	1	0.03	1	0	0	0	0	1	1	0	0	1	0	0	0	0	1	1	0	0	1	0	1	1
0	sjiny2	0.65	0.22	0.33	0.40	2	0.00	0.69	0.49	2	0.15	1	0	0	0	0	1	1	1	0	0	0	0	0	0	1	0	0	1	1	0	1	1
0	elga0	0.16	0.33	0.27	0.32	2	0.54	0.41	0.35	2	0.22	0	0	1	0	0	1	1	0	1	1	0	1	0	0	1	1	0	0	1	0	1	1
0	doll5019	1.00	0.50	0.63	0.72	3	0.00	0.50	0.69	3	0.64	0	0	1	0	0	1	1	1	0	0	0	0	0	1	0	1	0	0	1	0	0	1
0	spica91	0.65	0.89	1.00	1.00	4	1.00	1.00	1.00	4	0.07	0	1	0	0	0	1	1	1	0	0	0	0	0	0	1	0	1	0	1	0	1	1
0	ji0hyun	0.48	0.17	0.10	0.12	1	0.68	0.57	0.22	1	0.22	0	1	0	1	0	0	1	0	1	1	0	1	0	1	0	0	1	0	1	0	1	1
0	somnio	1.00	0.00	0.30	0.32	2	0.03	0.41	0.57	3	0.20	0	1	0	0	0	1	1	1	0	0	0	0	0	0	0	0	0	1	1	0	0	1
0	yschoi815	0.22	0.00	0.13	0.08	1	0.01	0.13	0.35	2	0.65	0	1	0	0	0	1	1	0	0	1	0	0	0	0	1	1	0	0	1	0	1	1
0	ehkim2002	0.65	0.22	1.00	0.68	3	0.00	0.88	1.00	4	0.99	1	0	0	1	0	0	1	1	0	1	0	0	0	0	1	0	1	0	1	0	1	1
0	phs3565	0.27	0.50	0.93	1.00	4	0.30	0.88	1.00	4	0.23	0	0	1	0	0	1	1	1	0	1	1	1	0	0	1	0	0	1	1	0	1	1
0	0120200	0.16	0.06	0.50	0.60	3	0.66	0.38	0.79	4	0.03	1	0	0	0	0	1	1	0	0	0	1	0	0	0	1	1	0	0	1	0	1	1
0	querida7312	0.59	0.44	0.77	0.96	4	0.05	0.63	0.88	4	0.05	0	1	0	1	0	0	1	0	1	0	0	1	0	0	1	0	1	0	1	0	1	1
0	seollan	0.43	0.33	0.40	0.48	2	0.03	0.38	0.51	3	0.14	0	1	0	0	0	1	1	0	1	1	0	0	0	0	1	1	0	0	1	1	1	1
0	bangebange	0.81	0.39	1.00	1.00	4	0.00	1.00	1.00	4	0.17	0	0	1	1	0	0	1	1	0	1	0	0	0	0	1	1	0	0	1	0	0	1
0	home512	0.43	0.39	0.53	0.68	3	0.00	0.41	0.64	3	0.03	1	0	0	1	0	0	1	0	0	0	0	0	0	1	0	0	1	0	1	0	1	1
0	sall914	1.00	0.83	0.70	0.84	4	0.18	0.88	0.59	3	0.14	1	0	0	0	0	1	1	1	0	1	0	0	0	1	0	0	1	0	1	0	0	1
0	ppclsy	0.54	0.50	0.30	0.36	2	0.00	0.19	0.30	2	0.24	0	1	0	1	0	0	1	0	0	1	0	0	0	1	0	1	0	0	1	1	1	1
0	luvi07	0.27	0.22	0.43	0.44	2	0.81	0.50	0.61	3	0.09	0	1	0	0	1	0	1	0	0	0	0	0	0	0	1	1	0	0	1	1	1	1
0	coco1004	0.81	0.06	0.55	0.68	3	0.01	1.00	0.86	4	0.61	1	0	0	0	0	1	1	1	0	0	0	0	0	0	1	1	0	0	1	0	0	1
0	cobbie70	0.75	0.28	0.27	0.24	1	0.00	0.38	0.37	2	0.00	1	0	0	1	0	0	1	1	0	1	0	1	1	0	0	1	0	0	0	1	0	1
0	mimoda	0.81	0.50	0.27	0.36	2	0.45	0.17	0.27	2	0.28	1	0	0	0	0	1	1	1	1	0	0	0	0	1	0	1	0	0	0	1	0	1
0	hanacha	0.32	1.00	0.60	0.72	3	0.74	0.41	0.37	2	0.00	1	0	0	0	0	1	1	0	0	0	0	0	0	0	1	0	0	1	1	0	1	1
0	lens	0.43	0.00	0.10	0.12	1	0.70	0.41	0.30	2	0.17	1	0	0	1	0	0	1	0	0	0	0	0	0	0	0	1	0	0	1	0	1	1
0	iameun	0.38	0.67	1.00	1.00	4	1.00	1.00	1.00	4	0.07	0	0	1	1	0	0	1	0	1	1	0	0	0	0	1	1	0	0	1	0	1	1
0	leep	0.00	0.00	0.33	0.40	2	0.50	0.38	0.68	3	0.11	0	0	1	0	0	1	1	0	0	1	0	0	0	0	1	1	0	0	1	0	0	1
0	jaki0323	0.32	0.28	0.33	0.40	2	0.00	0.25	0.46	2	0.11	0	0	1	0	0	1	1	0	0	0	0	1	0	1	0	0	1	0	1	0	1	1
0	aaaa09	0.54	0.89	0.77	1.00	4	0.00	0.41	0.63	3	0.40	0	1	0	0	0	1	1	0	0	0	0	0	0	0	0	0	0	1	1	0	1	1
0	ms5305	0.65	0.33	0.43	0.52	3	0.02	0.38	0.55	3	0.22	0	0	1	0	1	0	1	0	0	0	1	0	0	0	1	1	0	0	1	0	1	1
0	nutbomb	0.54	0.67	0.43	0.52	3	0.41	0.38	0.38	2	0.02	0	0	1	0	0	1	1	0	1	0	0	0	0	1	0	1	0	0	1	1	1	1
0	kmy3827	0.65	0.44	0.33	0.32	2	0.08	0.41	0.37	2	0.47	1	0	0	1	0	0	1	0	0	0	0	0	0	1	0	0	0	1	1	0	1	1
0	CYK0316	1.00	0.50	0.27	0.28	2	0.08	0.25	0.27	2	0.50	0	1	0	0	0	1	1	1	0	0	0	0	0	0	1	0	1	0	1	0	0	1
0	734018	1.00	0.06	0.27	0.28	2	0.00	0.41	0.49	2	0.41	1	0	0	1	0	0	1	0	0	0	0	0	0	0	0	0	0	1	1	0	0	1
0	hwang275	0.97	0.89	0.97	0.00	1	0.22	0.88	0.84	4	1.00	1	0	0	0	0	1	1	1	1	1	0	0	0	0	1	0	1	0	1	1	0	1
0	greentea	0.11	0.33	0.43	0.52	3	0.83	0.19	0.55	3	0.16	1	0	0	0	0	1	1	0	0	0	0	0	0	0	1	1	0	0	1	0	0	1
0	kong155	0.43	0.44	0.27	0.36	2	0.04	0.25	0.29	2	0.00	0	0	1	1	0	0	1	1	0	1	0	0	0	0	1	0	1	0	1	1	1	1
0	jeha6	0.81	0.33	0.73	0.92	4	0.00	0.63	0.91	4	0.17	0	0	1	0	0	1	1	1	0	1	0	1	0	0	1	0	1	0	1	1	0	1
0	treeon	0.59	0.56	0.70	0.84	4	0.01	0.88	0.74	3	0.76	1	0	0	1	0	0	1	0	1	0	0	0	0	0	1	0	1	0	1	1	1	1
0	ym0309	0.22	0.61	0.60	0.72	3	0.00	0.63	0.59	3	0.09	1	0	0	1	0	0	1	0	1	1	0	0	0	0	1	1	0	0	1	0	1	1
0	ok0132	0.81	0.22	0.50	0.60	3	0.00	0.63	0.69	3	0.16	0	1	0	0	0	1	1	1	1	0	0	0	0	0	1	1	0	0	1	0	0	1
0	sm1995	0.43	0.39	0.37	0.44	2	0.71	0.38	0.44	2	0.41	0	0	1	1	0	0	1	0	0	0	0	0	1	0	0	1	0	0	1	0	1	1
0	piglet50	0.27	0.44	0.47	0.56	3	0.95	0.63	0.53	3	0.07	0	0	1	0	0	1	1	0	0	0	0	0	0	1	0	1	0	0	1	0	1	1
0	celavie	0.48	0.61	0.70	0.68	3	0.08	0.41	0.71	3	0.45	1	0	0	1	0	0	1	0	0	0	0	0	0	0	0	0	0	1	1	0	1	1
0	clare22	0.27	0.22	0.43	0.52	3	0.00	0.38	0.61	3	0.06	0	1	0	0	1	0	1	0	0	1	0	0	0	1	0	0	1	0	1	0	1	1
0	nevaru	0.48	0.33	0.33	0.44	2	0.95	0.41	0.42	2	0.97	1	0	0	0	0	1	1	0	0	1	0	0	0	0	1	1	0	0	1	0	1	1
0	77lmy	0.38	0.33	0.00	0.00	1	0.50	0.00	0.00	1	0.06	1	0	0	0	0	1	1	0	1	0	0	0	0	0	1	1	0	0	1	0	1	1
0	aaaa03	0.54	0.00	0.10	0.24	1	0.00	0.41	0.42	2	0.40	0	1	0	0	0	1	1	0	0	0	0	0	0	0	0	0	0	1	1	0	1	1
0	est12	0.11	0.22	0.50	0.72	3	0.00	0.50	0.69	3	0.28	0	1	0	1	0	0	1	0	0	0	0	0	0	0	1	1	0	0	1	1	0	1
0	sumbit	0.27	1.00	1.00	1.00	4	0.00	0.41	0.71	3	0.26	1	0	0	0	0	1	0	0	0	0	0	0	0	0	0	0	0	1	1	0	0	1
0	etyoung	1.00	0.33	0.57	0.56	3	0.16	0.41	0.71	3	0.22	1	0	0	0	0	1	1	1	0	0	0	0	0	0	0	0	1	0	1	0	0	1
0	941119	0.54	0.06	0.23	0.32	2	0.00	0.38	0.45	2	0.89	0	1	0	0	0	1	1	1	0	1	0	0	0	0	1	1	0	0	1	0	1	1
0	sappi2000	0.86	0.29	0.33	0.40	2	0.00	0.41	0.45	2	0.00	0	1	0	0	1	0	1	0	1	0	0	0	0	0	1	1	0	0	1	0	0	1
0	aaaa13	0.54	0.89	0.77	1.00	4	0.00	0.41	0.63	3	0.40	0	1	0	0	0	1	1	0	0	0	0	0	0	0	0	0	0	1	1	0	1	1
0	seromi	0.65	0.78	0.40	0.48	2	0.67	0.38	0.29	2	0.25	1	0	0	0	0	1	1	1	0	1	0	0	0	0	1	1	0	0	1	0	1	1
0	yahone	0.54	0.39	0.32	0.48	2	0.59	0.25	0.38	2	0.97	1	0	0	1	0	0	1	0	0	0	0	0	0	0	1	1	0	0	1	0	1	1
0	rosesugar	0.00	0.11	0.13	0.28	2	1.00	0.41	0.29	2	0.08	1	0	0	0	0	1	1	0	1	0	0	0	0	0	1	1	0	0	1	0	0	1
0	genkari	0.27	0.50	0.40	0.48	2	0.00	0.75	0.42	2	0.00	0	1	0	0	0	1	1	0	1	1	0	0	0	0	1	1	0	0	1	0	1	1
0	kaola	0.38	0.00	0.10	0.20	1	0.81	0.50	0.42	2	0.30	0	1	0	1	0	0	1	0	0	0	0	0	0	0	0	1	0	0	1	0	1	1
0	aness420	0.59	1.00	0.67	0.84	4	0.25	0.41	0.44	2	0.06	1	0	0	0	1	0	1	0	0	0	0	1	0	0	1	0	1	0	1	0	1	1
0	khwa033	0.97	0.00	0.17	0.12	1	0.00	0.25	0.51	3	0.64	0	0	1	0	0	1	1	0	0	1	0	0	0	0	1	1	0	0	1	0	0	1
0	00eye1	0.05	0.39	0.53	0.56	3	0.02	0.41	0.64	3	0.59	0	1	0	0	0	1	1	0	0	0	0	1	0	0	1	1	0	0	1	0	0	1
0	cham2	0.54	0.22	0.43	0.56	3	0.00	0.63	0.61	3	0.20	0	0	1	1	0	0	1	0	1	0	0	0	0	0	1	0	1	0	1	1	1	1
0	art0205	0.43	0.06	0.13	0.20	1	0.81	0.13	0.32	2	0.26	0	0	1	0	1	0	1	0	0	1	0	0	0	0	1	1	0	0	1	0	1	1
0	goagogo	0.22	0.33	0.33	0.40	2	0.49	0.50	0.43	2	0.00	1	0	0	0	0	1	1	0	0	0	0	0	0	0	1	0	0	1	1	0	1	1
0	shy1108	1.00	0.56	0.37	0.44	2	0.00	0.50	0.35	2	0.98	0	1	0	1	0	0	1	0	0	1	0	0	0	0	1	0	0	1	1	0	0	1
0	mist000	0.75	0.11	0.07	0.08	1	0.30	0.25	0.21	1	0.22	1	0	0	0	0	1	1	1	0	1	0	0	0	0	1	1	0	0	1	0	0	1
0	minji1005	0.16	0.28	0.27	0.24	1	0.22	0.06	0.37	2	0.84	1	0	0	0	0	1	1	0	0	0	0	0	0	0	1	1	0	0	1	0	1	1
0	kkurimu	0.32	0.33	0.17	0.12	1	0.95	0.41	0.23	1	0.61	0	0	1	0	0	1	1	0	0	0	0	0	0	0	0	0	0	1	1	0	1	1
0	k23436	0.16	0.50	0.37	0.44	2	0.04	0.41	0.38	2	0.06	0	0	1	0	0	1	1	0	0	1	0	0	0	1	0	1	0	0	1	1	1	1
0	bummie	0.48	0.39	0.03	0.08	1	0.90	0.13	0.04	1	0.14	0	1	0	1	0	0	1	0	0	1	0	0	0	0	1	1	0	0	1	0	1	1
0	staff847	0.48	0.33	1.00	1.00	4	0.00	1.00	1.00	4	0.01	1	0	0	1	0	0	1	0	1	0	0	0	0	1	0	0	1	0	1	0	1	1
0	dongli	0.27	0.25	0.30	0.36	2	0.64	0.41	0.43	2	0.00	1	0	0	0	0	1	1	0	0	0	0	0	0	0	1	1	0	0	1	0	1	1
0	jyeonni	0.16	0.00	0.12	0.20	1	1.00	1.00	0.41	2	0.11	1	0	0	0	0	1	1	0	0	1	1	0	0	0	1	1	0	0	1	0	1	1
0	lauraya	0.16	0.61	0.53	0.64	3	0.45	0.38	0.52	3	0.15	0	0	1	0	0	1	1	0	0	1	0	1	0	0	1	1	0	0	1	1	1	1
0	ghli3	0.38	0.17	0.20	0.08	1	0.00	0.41	0.35	2	0.86	0	0	1	1	0	0	1	0	0	1	0	0	0	0	1	0	1	0	1	0	1	1
0	kepsjlee	0.43	0.28	0.15	0.28	2	0.91	0.41	0.23	1	0.00	1	0	0	1	0	0	1	0	0	0	0	0	0	0	0	0	0	1	1	0	1	1
0	yhs6543	1.00	0.28	0.20	0.16	1	0.79	0.25	0.29	2	1.00	1	0	0	0	0	1	1	1	0	1	0	0	0	1	0	0	1	0	1	0	0	1
0	yu1774	0.59	0.17	0.40	0.48	2	0.00	0.13	0.60	3	0.06	1	0	0	0	1	0	1	0	1	0	0	1	0	0	1	0	1	0	1	0	1	1
0	ledges	0.43	0.33	0.20	0.28	2	0.86	0.42	0.27	2	0.01	0	1	0	1	0	0	1	0	0	1	0	0	0	1	0	0	1	0	1	0	1	1
0	innea	0.32	0.17	0.40	0.48	2	0.00	0.38	0.60	3	0.17	1	0	0	0	0	1	1	1	1	0	0	0	0	0	1	0	0	1	1	0	1	1
0	fax0107	0.65	0.56	0.37	0.40	2	0.79	0.71	0.35	2	0.18	0	1	0	1	0	0	1	0	0	1	0	0	0	0	1	1	0	0	1	0	1	1
0	ahfps	0.38	0.17	0.53	0.64	3	0.00	0.81	0.77	4	0.30	0	0	1	1	0	0	1	0	0	1	0	0	0	0	1	0	1	0	1	0	1	1
0	ganban	0.32	0.72	0.53	0.64	3	0.90	0.38	0.46	2	0.14	0	0	1	0	0	1	0	0	0	0	0	0	0	0	0	0	1	0	1	1	0	1
0	color28	0.59	0.33	0.87	1.00	4	0.79	1.00	1.00	4	0.00	0	0	1	0	0	1	1	1	1	1	0	0	0	1	0	0	1	0	1	0	1	1
0	hyk1004hyk	0.54	0.33	0.90	0.68	3	0.00	0.41	1.00	4	0.00	0	1	0	1	0	0	1	0	0	0	1	0	0	0	1	0	1	0	1	0	1	1
0	whitenoon	0.65	0.28	0.10	0.12	1	0.49	0.38	0.17	1	0.13	1	0	0	1	0	0	1	0	0	1	0	0	0	0	1	0	1	0	1	0	1	1
0	hye3535	0.11	0.61	0.27	0.64	3	0.34	0.25	0.21	1	0.11	0	0	1	0	0	1	1	0	0	1	0	0	0	0	1	0	1	0	1	0	0	1
0	wldud311	0.22	0.44	0.43	0.52	3	0.07	0.25	0.49	2	0.14	0	1	0	0	0	1	1	0	0	1	0	0	0	0	1	1	0	0	1	0	1	1
0	edko	0.16	0.50	0.53	0.56	3	0.15	0.63	0.58	3	0.22	0	1	0	0	0	1	1	0	0	1	0	0	0	0	1	1	0	0	1	0	1	1
0	zizmziz	0.11	0.00	0.23	0.00	1	0.88	0.25	0.61	3	0.43	0	0	1	0	0	1	1	0	0	0	0	0	0	0	1	1	0	0	1	0	0	1
0	stella1103	1.00	0.28	0.43	0.44	2	0.26	0.00	0.58	3	0.07	0	0	1	1	0	0	1	0	0	0	0	0	0	0	1	0	1	0	1	0	0	1
0	osy777	0.22	0.22	0.27	0.32	2	1.00	0.41	0.40	2	0.23	1	0	0	0	0	1	1	0	0	1	0	1	0	1	0	1	0	0	1	0	1	1
0	bea105	0.16	0.56	0.40	0.40	2	0.80	0.38	0.39	2	0.30	0	0	1	0	0	1	1	0	0	1	0	0	0	0	1	1	0	0	1	0	1	1
0	uni1126	0.54	0.56	0.30	0.24	1	0.04	0.25	0.28	2	0.18	1	0	0	0	1	0	1	0	0	0	0	0	0	0	1	1	0	0	1	0	1	1
0	beth	0.54	0.94	0.83	1.00	4	0.00	0.63	0.67	3	0.20	1	0	0	0	0	1	1	0	1	1	0	0	0	0	1	0	1	0	1	1	1	1
0	juli76	0.43	0.33	0.03	0.12	1	0.98	0.00	0.06	1	0.10	1	0	0	1	0	0	1	0	1	0	0	0	0	0	1	1	0	0	1	0	1	1
0	ok0404	0.32	0.22	0.43	0.44	2	0.00	0.38	0.61	3	0.19	1	0	0	1	0	0	1	0	1	1	0	0	0	0	1	1	0	0	1	0	1	1
0	mysonadh	0.70	0.44	0.50	0.64	3	0.35	0.41	0.57	3	0.14	0	0	1	0	0	1	1	1	0	0	0	0	0	0	1	1	0	0	1	1	0	1
0	sj7128	0.54	0.44	0.32	0.32	2	0.01	0.25	0.35	2	0.81	0	1	0	1	0	0	1	0	1	1	0	0	0	0	1	1	0	0	1	1	1	1
0	hee4665	0.65	0.61	0.37	0.48	2	0.01	0.50	0.33	2	0.10	0	0	1	1	0	0	1	0	1	0	0	0	0	0	1	0	0	1	1	0	1	1
0	eunjudaa	0.22	0.50	1.00	1.00	4	0.37	1.00	1.00	4	0.23	0	0	1	1	0	0	1	0	1	1	1	1	0	0	1	0	1	0	1	0	1	1
0	53370	0.48	0.61	1.00	1.00	4	0.00	0.88	1.00	4	0.08	0	1	0	1	0	0	1	1	0	0	0	0	0	0	1	0	1	0	1	0	1	1
0	even87	0.91	0.50	0.37	0.44	2	0.01	0.25	0.38	2	0.33	0	1	0	1	0	0	1	1	0	0	0	0	0	0	1	0	0	1	1	0	0	1
0	aaaa01	0.54	0.33	0.43	0.60	3	0.05	0.41	0.55	3	0.18	0	1	0	0	0	1	1	0	0	0	0	0	0	0	0	0	0	1	1	0	1	1
0	gnlok	0.54	0.56	0.17	0.24	1	0.03	0.13	0.12	1	0.14	0	0	1	0	0	1	1	0	0	1	0	0	0	0	1	1	0	0	1	0	1	1
0	jhwon99	0.27	0.50	0.43	0.52	3	1.00	0.38	0.46	2	0.06	1	0	0	0	0	1	1	0	1	0	0	0	0	0	1	0	1	0	1	1	1	1
0	meh308	0.22	0.44	0.20	0.24	1	0.01	0.41	0.21	1	0.05	1	0	0	0	0	1	1	0	1	0	0	0	0	0	1	1	0	0	1	0	1	1
0	dugun2	0.32	0.44	0.43	0.20	1	0.36	0.38	0.49	2	0.11	0	1	0	1	0	0	1	0	0	0	0	0	0	0	1	0	1	0	1	0	1	1
0	dia7677	0.43	0.88	0.77	0.92	4	1.00	0.63	0.63	3	0.13	0	0	1	0	1	0	1	0	1	1	0	1	0	0	1	1	0	0	1	0	1	1
0	dieKunst	0.22	0.50	0.20	0.24	1	0.46	0.25	0.19	1	0.22	1	0	0	0	0	1	1	0	0	1	0	0	0	1	0	0	0	1	1	0	1	1
0	darbycho	0.54	0.78	0.63	0.76	4	0.06	0.63	0.54	3	0.00	0	1	0	0	0	1	1	0	0	0	0	0	0	0	1	1	0	0	1	0	1	1
0	2094paco	0.38	0.39	0.40	0.28	2	0.70	0.50	0.48	2	0.61	1	0	0	1	0	0	1	0	0	0	0	1	0	0	1	0	0	1	1	0	1	1
0	moonshake	0.32	1.00	1.00	1.00	4	0.74	0.50	0.70	3	0.15	1	0	0	1	0	0	1	0	1	0	0	0	0	1	0	1	0	0	1	1	1	1
0	kaeun76	0.43	0.33	0.60	0.72	3	0.83	0.41	0.75	3	0.00	0	0	1	1	0	0	1	0	0	0	1	0	1	0	0	0	1	0	1	0	1	1
0	askcandy	0.75	0.22	0.37	0.44	2	0.03	0.41	0.53	3	0.77	1	0	0	1	0	0	1	1	1	0	0	0	0	1	0	1	0	0	1	0	0	1
0	eskim2	0.54	0.17	0.22	0.28	2	0.25	0.57	0.37	2	0.22	1	0	0	1	0	0	1	0	0	0	0	0	0	1	0	0	0	1	1	0	1	1
0	ksk0808	0.54	0.56	0.87	0.88	4	0.08	0.75	0.93	4	0.64	1	0	0	1	0	0	1	1	0	1	0	0	0	0	1	1	0	0	1	0	1	1
0	gopher	0.32	0.61	0.60	0.76	4	0.21	0.63	0.59	3	0.01	0	1	0	1	0	0	1	0	0	1	0	0	0	0	1	1	0	0	1	1	1	1
0	kkajung	0.27	0.39	1.00	1.00	4	0.28	1.00	1.00	4	0.07	1	0	0	1	0	0	1	0	1	1	0	0	0	0	1	0	1	0	1	1	1	1
0	kim1579	0.48	0.56	0.50	0.36	2	0.00	0.50	0.51	3	0.76	0	0	1	0	0	1	1	1	0	0	0	0	0	0	1	1	0	0	1	0	1	1
0	hoochoo21	0.16	0.61	0.27	0.32	2	0.81	0.25	0.21	1	0.06	1	0	0	0	0	1	1	0	0	0	0	0	0	0	1	1	0	0	1	0	1	1
0	tortugita	0.27	0.56	0.35	0.36	2	0.29	0.13	0.34	2	1.00	1	0	0	0	0	1	1	0	0	0	0	0	0	0	1	1	0	0	0	1	1	1
0	yky0915	0.43	0.33	0.23	0.20	1	0.00	0.13	0.31	2	0.19	0	0	1	0	0	1	1	0	0	0	0	0	0	0	1	0	1	0	1	1	1	1
0	nofate	0.38	0.22	0.43	0.56	3	0.91	0.63	0.61	3	0.09	1	0	0	0	0	1	1	1	0	0	0	0	0	0	1	0	0	1	1	0	1	1
0	haemill2	0.22	1.00	0.77	0.96	4	0.71	0.88	0.57	3	0.10	1	0	0	0	0	1	1	0	1	1	0	0	0	0	1	1	0	0	1	0	1	1
0	teru	0.00	0.22	0.17	0.20	1	1.00	0.38	0.28	2	0.15	1	0	0	0	0	1	1	1	0	0	0	0	0	0	1	1	0	0	1	0	0	1
0	altea	0.16	0.16	0.57	0.68	3	0.18	0.88	0.82	4	0.06	0	0	1	0	0	1	1	0	0	0	0	1	0	0	1	1	0	0	1	0	1	1
0	psh1007	0.43	0.89	0.77	0.00	1	0.00	0.88	0.63	3	0.02	0	0	1	1	0	0	1	0	0	0	1	0	0	0	1	1	0	0	1	0	1	1
0	kjsh1004	0.38	0.78	0.63	0.72	3	0.05	1.00	0.54	3	0.41	1	0	0	0	0	1	1	1	1	1	0	0	0	0	1	0	0	1	1	0	1	1
0	meeting08	0.27	0.72	0.93	1.00	4	0.79	0.88	0.90	4	0.14	1	0	0	0	0	1	1	0	0	1	0	0	0	0	1	1	0	0	1	0	1	1
0	kobuki	0.91	0.17	0.20	0.32	2	1.00	0.13	0.35	2	0.17	1	0	0	1	0	0	1	0	0	0	0	0	0	1	0	1	0	0	1	0	0	1
0	yura72	0.65	0.50	0.50	0.48	2	0.00	0.38	0.54	3	0.20	0	1	0	0	0	1	1	1	0	0	0	0	0	0	1	1	0	0	1	0	1	1
0	sc9600	0.43	0.06	0.60	0.72	3	0.14	0.38	0.92	4	0.35	0	0	1	0	1	0	1	0	0	1	0	0	0	0	1	1	0	0	0	1	1	1
0	epiastro	0.32	0.67	0.60	0.76	4	0.96	0.38	0.56	3	0.07	1	0	0	0	0	1	1	0	0	1	0	0	0	0	1	0	1	0	1	0	1	1
0	genie1004	0.48	0.44	0.70	0.48	2	0.00	0.63	0.80	4	0.73	1	0	0	1	0	0	1	0	0	0	0	0	0	0	1	1	0	0	0	1	1	1
0	wjyma	0.59	0.22	0.70	0.76	4	0.11	0.88	0.94	4	0.66	0	0	1	1	0	0	1	1	0	1	0	0	0	0	1	1	0	0	1	0	1	1
0	eunnee	0.65	0.22	0.63	0.24	1	0.00	1.00	0.86	4	0.66	1	0	0	1	0	0	1	0	1	0	1	0	0	0	1	0	1	0	0	1	1	1
0	kypung1111	0.75	0.22	0.03	0.08	1	0.02	0.13	0.11	1	0.05	1	0	0	0	0	1	1	0	0	0	0	0	0	0	1	1	0	0	1	0	0	1
0	foxy21	0.75	0.33	0.67	0.64	3	0.00	0.50	0.83	4	0.81	1	0	0	1	0	0	1	0	0	1	0	0	0	0	1	0	0	1	1	1	0	1
0	sarangnnn	0.16	0.44	0.33	0.40	2	0.00	0.25	0.37	2	0.02	1	0	0	0	0	1	1	0	0	1	0	0	0	0	1	1	0	0	1	0	1	1
0	sinbi20yj	0.16	0.44	0.67	0.40	2	0.00	0.41	0.76	4	0.68	1	0	0	0	1	0	1	0	0	0	0	1	0	0	1	1	0	0	1	0	1	1
0	74minsuk	0.48	0.00	0.20	0.08	1	0.00	0.41	0.50	2	0.84	1	0	0	0	0	1	1	0	0	0	0	0	0	0	1	0	1	0	1	0	1	1
0	jeuny98	0.22	1.00	0.82	1.00	4	1.00	1.00	0.62	3	0.14	0	0	1	0	0	1	1	0	0	0	0	0	0	0	1	0	1	0	1	0	1	1
0	KSOOJUNG76	0.43	0.89	0.57	0.60	3	0.01	0.38	0.41	2	0.00	0	0	1	1	0	0	1	0	1	1	0	0	0	0	1	1	0	0	1	0	1	1
0	9938	0.81	0.33	1.00	1.00	4	0.04	1.00	1.00	4	0.07	0	1	0	0	0	1	1	1	1	0	1	1	0	0	1	1	0	0	1	1	0	1
0	nkr325	0.81	0.33	0.40	0.48	2	0.00	0.38	0.51	3	0.01	0	0	1	0	0	1	1	1	0	0	0	0	0	1	0	0	0	1	1	0	0	1
0	smile457	0.43	0.50	0.53	0.64	3	1.00	0.25	0.58	3	0.08	1	0	0	0	0	1	1	0	0	0	0	0	0	0	1	1	0	0	1	0	1	1
0	jongeun1	0.70	0.28	0.73	0.88	4	0.31	0.63	0.95	4	0.06	1	0	0	1	0	0	1	0	0	0	0	0	0	0	1	0	1	0	1	1	0	1
0	soyo12	0.43	0.72	0.50	0.60	3	0.01	0.41	0.42	2	0.17	0	1	0	1	0	0	1	0	0	1	0	0	0	1	0	1	0	0	0	1	1	1
0	slmd	0.27	0.56	0.90	1.00	4	1.00	1.00	0.97	4	0.19	1	0	0	1	0	0	1	0	0	1	0	0	0	0	1	0	1	0	1	0	1	1
0	ilidium	0.48	0.33	0.63	0.76	4	0.85	0.41	0.79	4	0.01	0	1	0	0	0	1	1	0	1	0	0	0	1	0	0	1	0	0	1	1	1	1
0	aaaa04	0.54	0.89	0.77	0.68	3	0.00	0.41	0.63	3	0.40	0	1	0	0	0	1	1	0	0	0	0	0	0	0	0	0	0	1	1	0	1	1
0	sunji602	0.16	0.50	0.33	0.48	2	0.28	0.41	0.34	2	0.00	0	0	1	0	0	1	0	0	0	0	0	1	0	0	1	0	1	0	1	0	0	1
0	kjh78720	0.32	0.61	0.67	0.80	4	0.85	0.88	0.67	3	0.07	0	1	0	1	0	0	1	0	1	0	0	0	0	0	1	0	0	1	1	0	1	1
1	ram1013	0.65	0.00	0.37	0.28	2	0.00	0.50	0.65	3	0.68	0	0	1	0	0	1	1	1	1	0	0	0	0	0	1	0	1	0	1	0	1	1
1	angel0618	0.16	0.39	0.33	0.40	2	0.81	0.41	0.40	2	0.03	0	0	1	1	0	0	1	0	0	0	0	0	0	1	0	1	0	0	1	0	1	1
1	badori97	0.32	0.33	0.90	1.00	4	0.09	0.63	1.00	4	0.11	0	0	1	0	0	1	1	0	1	0	0	1	0	0	1	0	1	0	1	0	1	1
1	audgustn	0.54	0.78	0.47	0.60	3	0.02	0.38	0.36	2	0.17	0	0	1	0	0	1	1	0	0	1	0	0	0	1	0	1	0	0	1	0	1	1
1	lim9954	0.43	0.39	0.40	0.36	2	0.02	0.38	0.48	2	0.10	0	1	0	1	0	0	1	0	1	1	0	0	0	1	0	0	1	0	1	0	1	1
1	foxsoso	1.00	1.00	1.00	1.00	4	0.00	1.00	0.90	4	0.02	1	0	0	1	0	0	0	1	0	0	1	0	0	1	0	0	1	0	1	0	0	1
1	sswndus	0.27	0.33	0.27	0.24	1	0.00	0.41	0.35	2	0.68	1	0	0	0	0	1	1	1	0	0	0	0	0	0	0	0	0	1	1	0	1	1
1	jiheelim	0.38	0.50	0.30	0.40	2	0.47	0.13	0.30	2	0.28	1	0	0	1	0	0	1	0	0	1	0	0	0	0	1	1	0	0	1	0	1	1
1	sjmm	0.91	0.44	0.58	0.68	3	0.00	0.41	0.67	3	0.77	0	0	1	0	0	1	1	1	0	0	0	0	0	0	1	1	0	0	1	0	0	1
1	nhchoi65	1.00	0.50	0.87	1.00	4	0.73	0.88	0.96	4	0.22	0	0	1	0	0	1	1	1	1	1	0	0	0	0	1	1	0	0	1	1	0	1
1	jjm10000	0.27	0.33	0.53	0.56	3	1.00	0.50	0.67	3	0.07	0	1	0	0	0	1	1	0	1	0	0	0	1	0	0	1	0	0	1	0	1	1
1	godrnrdl	0.48	0.28	0.97	1.00	4	0.41	0.88	1.00	4	0.11	0	0	1	0	1	0	1	0	0	0	0	1	0	0	1	1	0	0	1	0	1	1
1	twingkle	0.65	0.44	0.23	0.32	2	1.00	0.41	0.25	2	0.07	1	0	0	0	1	0	1	0	0	0	0	0	0	1	0	0	0	1	1	0	1	1
1	foftech	0.59	0.39	0.42	0.52	3	0.97	0.50	0.50	2	0.38	1	0	0	0	0	1	1	0	1	0	0	0	0	1	0	1	0	0	1	0	1	1
1	94210002	0.48	0.41	0.56	0.56	3	0.00	0.44	0.66	3	0.57	1	0	0	0	0	1	1	0	0	0	0	0	0	0	1	1	0	0	0	1	1	1
1	hyessoon	0.27	0.89	0.77	0.60	3	0.14	0.88	0.63	3	0.83	1	0	0	1	0	0	1	0	1	1	0	0	0	0	1	1	0	0	1	0	1	1
1	whiteyj	0.27	0.22	0.60	0.64	3	0.01	0.88	0.82	4	0.00	1	0	0	1	0	0	1	0	0	0	0	0	0	0	1	1	0	0	1	0	1	1
1	smj3788	0.32	0.33	0.43	0.52	3	0.72	0.50	0.55	3	0.22	0	0	1	0	0	1	1	0	0	1	0	0	0	0	1	0	0	1	1	0	1	1
1	chl75180	0.59	0.17	0.23	0.40	2	0.02	0.86	0.39	2	0.16	0	0	1	0	0	1	1	1	0	0	0	0	0	0	1	1	0	0	1	0	1	1
1	ejkimkim	1.00	0.44	0.40	0.48	2	0.00	0.41	0.45	2	0.19	1	0	0	1	0	0	1	1	1	0	0	0	0	0	1	0	1	0	1	0	0	1
1	hisugi78	0.32	0.22	0.20	0.24	1	0.36	0.41	0.32	2	0.97	0	1	0	1	0	0	1	0	0	0	0	0	0	0	0	0	0	1	1	0	1	1
1	chokh007	0.48	0.28	0.77	1.00	4	0.00	0.88	0.99	4	0.13	0	0	1	1	0	0	1	1	0	0	0	0	0	1	0	0	1	0	1	0	1	1
1	mindfree	0.16	0.78	0.87	1.00	4	0.04	1.00	0.80	4	0.00	1	0	0	0	0	1	1	0	0	1	0	0	0	0	1	1	0	0	1	1	1	1
1	ko204	0.27	0.33	0.43	0.52	3	0.74	0.38	0.55	3	0.17	1	0	0	1	0	0	1	0	1	1	0	1	0	0	1	1	0	0	1	0	1	1
1	mozi	0.32	0.72	0.37	0.44	2	0.95	0.25	0.28	2	0.13	1	0	0	0	0	1	1	0	0	1	0	0	0	0	1	1	0	0	1	0	1	1
1	chongs	0.22	0.33	0.23	0.32	2	0.03	0.38	0.31	2	0.06	1	0	0	0	0	1	1	0	1	1	0	0	0	0	1	1	0	0	1	1	1	1
1	920527	0.75	0.33	0.43	0.44	2	0.09	0.41	0.55	3	0.30	0	1	0	1	0	0	1	0	0	0	0	0	0	0	0	0	0	1	1	0	0	1
1	juliehanul	0.75	0.28	0.90	1.00	4	0.05	0.41	1.00	4	0.03	1	0	0	1	0	0	1	1	0	0	0	0	0	0	1	0	1	0	1	0	0	1
1	swtaehee	0.86	0.83	0.87	0.96	4	0.00	0.75	0.77	4	0.19	0	1	0	1	0	0	1	0	0	0	0	1	0	1	0	1	0	0	1	0	0	1
1	alali	0.59	0.50	1.00	1.00	4	0.68	0.41	1.00	4	0.84	1	0	0	1	0	0	1	0	0	1	0	0	0	0	1	1	0	0	1	0	1	1
1	bijeeng	0.43	0.11	0.07	0.20	1	0.97	0.13	0.21	1	0.17	1	0	0	1	0	0	1	0	1	1	0	0	0	0	1	1	0	0	1	0	1	1
1	okokokok79	0.27	0.89	0.73	0.88	4	0.78	0.63	0.59	3	0.26	1	0	0	0	0	1	1	0	1	0	0	0	0	1	0	1	0	0	1	0	1	1
1	mdawn	0.54	0.56	0.37	0.48	2	0.97	0.32	0.35	2	0.28	1	0	0	1	0	0	1	0	0	1	0	0	0	0	1	1	0	0	1	0	1	1
1	kongjukang	0.43	0.28	0.53	0.28	2	0.32	0.88	0.70	3	0.09	0	0	1	0	0	1	0	1	1	0	0	0	0	0	1	1	0	0	1	1	0	1
1	hyunnys	0.43	0.39	0.40	0.48	2	0.72	0.38	0.48	2	0.20	1	0	0	0	0	1	1	0	0	0	0	1	0	0	1	1	0	0	1	0	1	1
1	monica0501	0.91	0.72	1.00	1.00	4	0.91	1.00	1.00	4	0.10	0	0	1	0	0	1	1	1	0	0	0	0	0	1	0	0	1	0	1	0	0	1
1	HAPPY0118	0.70	0.00	0.40	0.48	2	0.01	0.41	0.70	3	0.36	0	1	0	1	0	0	1	0	0	0	0	0	0	0	1	1	0	0	1	0	0	1
1	miiin2000	0.43	0.00	0.37	0.08	1	0.08	0.25	0.75	4	0.17	1	0	0	0	0	1	1	0	0	0	0	1	0	0	1	1	0	0	0	1	1	1
1	TOPCHILD	0.32	0.00	0.37	0.44	2	0.00	0.38	0.69	3	0.17	1	0	0	0	1	0	1	0	0	0	0	0	0	1	0	0	1	0	1	1	1	1
1	kumhee78	0.32	0.00	0.53	0.64	3	0.83	0.41	0.91	4	0.10	0	0	1	1	0	0	1	0	0	0	0	0	0	0	1	1	0	0	1	1	1	1
1	pdcute	0.27	0.33	0.43	0.52	3	0.25	0.41	0.55	3	0.00	0	0	1	0	0	1	1	0	0	0	1	0	0	0	1	1	0	0	1	0	1	1
1	tangsu6	0.48	0.78	0.47	0.60	3	0.80	1.00	0.36	2	0.17	1	0	0	0	1	0	1	0	0	0	0	0	0	1	0	1	0	0	1	0	1	1
1	ahnso0	0.38	0.94	0.53	0.64	3	0.75	0.38	0.35	2	0.14	1	0	0	0	1	0	1	0	0	1	0	0	0	0	1	1	0	0	1	0	1	1
1	aquadcean	0.48	0.89	0.60	0.72	3	0.05	0.63	0.45	2	0.30	1	0	0	1	0	0	1	0	0	0	0	0	0	0	1	1	0	0	1	1	1	1
1	aaaa02	0.54	0.00	0.10	0.24	1	0.00	0.41	0.42	2	0.40	0	1	0	0	0	1	1	0	0	0	0	0	0	0	0	0	0	1	1	0	1	1
1	mira32	0.81	0.61	0.42	0.28	2	0.89	0.31	0.38	2	0.67	1	0	0	0	0	1	1	1	0	0	0	0	0	0	1	0	1	0	1	1	0	1
1	mk0623	0.54	0.44	0.40	0.48	2	0.63	0.50	0.45	2	0.11	1	0	0	0	0	1	1	1	1	0	0	0	0	1	0	1	0	0	1	1	1	1
1	n0104	0.43	0.50	0.37	0.44	2	0.00	0.38	0.38	2	0.26	0	1	0	0	1	0	1	0	0	0	1	0	0	0	1	1	0	0	1	0	1	1
1	s200young	0.48	0.33	0.63	0.76	4	0.60	0.41	0.79	4	0.84	0	0	1	1	0	0	1	0	0	0	0	0	0	0	1	1	0	0	1	1	1	1
1	dangwha	0.70	0.56	0.83	1.00	4	0.43	0.41	0.89	4	0.28	1	0	0	1	0	0	1	0	0	0	1	0	1	0	0	1	0	0	1	0	0	1
1	webinner	0.54	0.89	0.50	0.72	3	1.00	0.41	0.34	2	0.01	1	0	0	0	1	0	0	0	0	0	0	0	0	1	0	0	1	0	1	0	0	1
1	ksj418	0.16	0.22	0.37	0.48	2	0.59	0.50	0.53	3	0.19	1	0	0	0	1	0	1	0	0	0	1	1	0	0	1	0	0	1	1	1	1	1
1	ktwoomin	0.86	0.28	0.57	0.44	2	0.00	0.88	0.74	3	0.34	0	0	1	0	0	1	0	1	1	1	0	0	0	0	1	1	0	0	1	0	0	1
1	ezuca	1.00	0.22	0.53	0.68	3	0.00	0.50	0.73	3	0.23	1	0	0	0	0	1	1	1	0	1	0	0	1	0	0	0	1	0	1	0	0	1
1	phy1211	0.97	0.06	0.57	0.60	3	0.24	0.63	0.88	4	0.34	0	1	0	1	0	0	1	0	1	1	1	0	0	0	1	1	0	0	1	1	0	1
1	powpow	0.38	0.44	0.50	0.60	3	0.63	0.38	0.57	3	0.15	0	1	0	0	0	1	1	0	1	1	0	0	0	0	1	0	1	0	1	1	1	1
1	lotusq	0.59	0.44	0.50	0.72	3	0.27	0.25	0.57	3	0.28	1	0	0	1	0	0	1	1	0	0	0	1	0	0	1	0	1	0	1	0	1	1
1	ky2326	0.43	0.28	0.33	0.08	1	0.36	0.41	0.46	2	0.34	1	0	0	1	0	0	1	0	0	0	0	1	0	0	1	0	1	0	1	0	1	1
1	ae182	0.48	0.72	0.67	0.80	4	0.23	0.41	0.61	3	0.00	0	1	0	1	0	0	1	0	0	0	0	0	0	1	0	0	1	0	1	0	1	1
																																	
																													1				
																													2				
																													3				
																													4				
																													5				
																													6				
																													7				
																													8				
																													9				
																													10				
																																	
																																	
																																	
																																	
																																	
																																	
																																	
																																	
																																	
																																	
																																	
																																	
																																	
																																	
																																	
																																	
																																	
																																	
																																	
																																	
																																	
																																	
																																	
																																	
																																	
																																	
																																	
																																	
																																	
																																	
																																	
																																	
																																	
																																	
																																	
																																	
																																	
																																	
																																	
																																	
																																	
																																	
																																	
																																	
																																	
																																	
																																	
																																	
																																	
																																	
																																	
																																	
																																	
																																	
																																	
																																	
																																	
																																	
																																	
																																	
																																	
																																	
																																	
																																	
																																	
																																	
																																	
																																	
																																	
																																	
																																	
																																	
																																	
																																	
																																	
																																	
																																	
																																	
																																	
																																	
																																	
																																	
																																	
																																	
																																	
																																	
																																	
																																	
																																	
																																	
																																	
																																	
																																	
																																	
																																	
																																	
																																	
																																	
																																	
																																	
																																	
																																	
																																	
																																	
																																	
																																	
																																	
																																	
																																	
																																	
																																	
																																	
																																	
																																	
																																	
																																	
																																	
																																	
																																	
																																	
																																	
																																	
																																	
																																	
																																	
																																	
																																	
																																	
																																	
																																	
																																	
																																	
																																	
																																	
																																	
																																	
																																	
																																	
																																	
																																	
																																	
																																	
																																	
																																	
																																	
																																	
																																	
																																	
																																	
																																	
																																	
																																	
																																	
																																	
																																	
																																	
																																	
																																	
																																	
																																	
																																	
																																	
																																	
																																	
																																	
																																	
																																	
																																	
																																	
																																	
																																	
																																	
																																	
																																	
																																	
																																	
																																	
																																	
																																	
																																	
																																	
																																	
																																	
																																	
																																	
																																	
																																	
																																	
																																	
																																	
																																	
																																	
																																	
																																	
																																	
																																	
																																	
																																	
																																	
																																	
																																	
																																	
																																	
																																	
																																	
																																	
																																	
																																	
																																	
																																	
																																	
																																	
																																	
																																	
																																	
																																	
																																	
																																	
																																	
																																	
																																	
																																	
																																	
																																	
																																	
																																	
																																	
																																	
																																	
																																	
																																	
																																	
																																	
																																	
																																	
																																	
																																	
																																	
																																	
																																	
																																	
																																	
																																	
																																	
																																	
																																	
																																	
																																	
																																	
																																	
																																	
																																	
																																	
																																	
																																	
																																	
																																	
																																	
																																	
																																	
																																	
																																	
																																	
																																	
																																	
																																	
																																	
																																	
																																	
																																	
																																	
																																	
																																	
																																	
																																	
																																	
																																	
																																	
																																	
																																	
																																	
																																	
																																	
																																	
																																	
																																	
																																	
																																	
																																	
																																	
																																	
																																	
																																	
																																	
																																	
																																	
																																	
																																	
																																	
																																	
																																	
																																	
																																	
																																	
																																	
																																	
																																	
																																	
																																	
																																	
																																	
																																	
																																	
																																	
																																	
																																	
																																	
																																	
																																	
																																	
																																	
																																	
																																	
																																	
																																	
																																	
																																	
																																	
																																	
																																	
																																	
																																	
																																	
																																	
																																	
																																	
																																	
																																	
																																	
																																	
																																	
																																	
																																	
																																	
																																	
																																	
																																	
																																	
																																	
																																	
																																	
																																	
																																	
																																	
																																	
																																	
																																	
																																	
																																	
																																	
																																	
																																	
																																	
																																	
																																	
																																	
																																	
																																	
																																	
																																	
																																	
																																	
																																	
																																	
																																	
																																	
																																	
																																	
																																	
																																	
																																	
																																	
																																	
																																	
																																	
																																	
																																	
																																	
																																	
																																	
																																	
																																	
																																	
																																	
																																	
																																	
																																	
																																	
																																	
																																	
																																	
																																	
																																	
																																	
																																	
																																	
																																	
																																	
																																	
																																	
																																	
																																	
																																	
																																	
																																	
																																	
																																	
																																	
																																	
																																	
																																	
																																	
																																	
																																	
																																	
																																	
																																	
																																	
																																	
																																	
																																	
																																	
																																	
																																	
																																	
																																	
																																	
																																	
																																	
																																	
																																	
																																	
																																	
																																	
																																	
																																	
																																	
																																	
																																	
																																	
																																	
																																	
																																	
																																	
																																	
																																	
																																	
																																	
																																	
																																	
																																	
																																	
																																	
																																	
																																	
																																	
																																	
																																	
																																	
																																	
																																	
																																	
																																	
																																	
																																	
																																	
																																	
																																	
																																	
																																	
																																	
																																	
																																	
																																	
																																	
																																	
																																	
																																	
																																	
																																	
																																	
																																	
																																	
																																	
																																	
																																	
																																	
																																	
																																	
																																	
																																	
																																	
																																	
																																	
																																	
																																	
																																	
																																	
																																	
																																	
																																	
																																	
																																	
																																	
																																	
																																	
																																	
																																	
																																	
																																	
																																	
																																	
																																	
																																	
																																	
																																	
																																	
																																	
																																	
																																	
																																	
																																	
																																	
																																	
																																	
																																	
																																	
																																	
																																	
																																	
																																	
																																	
																																	
																																	
																																	
																																	
																																	
																																	
																																	
																																	
																																	
																																	
																																	
																																	
																																	
																																	
																																	
																																	
																																	
																																	
																																	
																																	
																																	
																																	
																																	
																																	
																																	
																																	
																																	
																																	
																																	
																																	
																																	
																																	
																																	
																																	
																																	
																																	
																																	
																																	
																																	
																																	
																																	
																																	
																																	
																																	
																																	
																																	
																																	
																																	
																																	
																																	
																																	
																																	
																																	
																																	
																																	
																																	
																																	
																																	
																																	
																																	
																																	
																																	
																																	
																																	
																																	
																																	
																																	
																																	
																																	
																																	
																																	
																																	
																																	
																																	
																																	
																																	
																																	
																																	
																																	
																																	
																																	
																																	
																																	
																																	
																																	
																																	
																																	
																																	
																																	
																																	
																																	
																																	
																																	
																																	
																																	
																																	
																																	
																																	
																																	
																																	
																																	
																																	
																																	
																																	
																																	
																																	
																																	
																																	
																																	
																																	
																																	
																																	
																																	
																																	
																																	
																																	
																																	
																																	
																																	
																																	
																																	
																																	
																																	
																																	
																																	
																																	
																																	
																																	
																																	
																																	
																																	
																																	
																																	
																																	
																																	
																																	
																																	
																																	
																																	
																																	
																																	
																																	
																																	
																																	
																																	
																																	
																																	
																																	
																																	
																																	
																																	
																																	
																																	
																																	
																																	
																																	
																																	
																																	
																																	
																																	
																																	
																																	
																																	
																																	
																																	
																																	
																																	
																																	
																																	
																																	
																																	
																																	
																																	
																																	
																																	
																																	
																																	
																																	
																																	
																																	
																																	
																																	
																																	
																																	
																																	
																																	
																																	
																																	
																																	
																																	
																																	
																																	
																																	
																																	
																																	
																																	
																																	
																																	
																																	
																																	
																																	
																																	
																																	
																																	
																																	
																																	
																																	
																																	
																																	
																																	
																																	
																																	
																																	
																																	
																																	
																																	
																																	
																																	
																																	
																																	
																																	
																																	
																																	
																																	
																																	
																																	
																																	
																																	
																																	
																																	
																																	
																																	
																																	
																																	
																																	
																																	
																																	
																																	
																																	
																																	
																																	
																																	
																																	
																																	
																																	
																																	
																																	
																																	
																																	
																																	
																																	
																																	
																																	
																																	
																																	
																																	
																																	
																																	
																																	
																																	
																																	
																																	
																																	
																																	
																																	
																																	
																																	
																																	
																																	
																																	
																																	
																																	
																																	
																																	
																																	
																																	
																																	
																																	
																																	
																																	
																																	
																																	
																																	
																																	
																																	
																																	
																																	
																																	
																																	
																																	
																																	
																																	
																																	
																																	
																																	
																																	
																																	
																																	
																																	
																																	
																																	
																																	
																																	
																																	
																																	
																																	
																																	
																																	
																																	
																																	
																																	
																																	
																																	
																																	
																																	
																																	
																																	
																																	
																																	
																																	
																																	
																																	
																																	
																																	
																																	
																																	
																																	
																																	
																																	
																																	
																																	
																																	
																																	
																																	
																																	
																																	
																																	
																																	
																																	
																																	
																																	
																																	
																																	
																																	
																																	
																																	
																																	
																																	
																																	
																																	
																																	
																																	
																																	
																																	
																																	
																																	
																																	
																																	
																																	
																																	
																																	
																																	
																																	
																																	
																																	
																																	
																																	
																																	
																																	
																																	
																																	
																																	
																																	
																																	
																																	
																																	
																																	
																																	
																																	
																																	
																																	
																																	
																																	
																																	
																																	
																																	
																																	
																																	
																																	
																																	
																																	
																																	
																																	
																																	
																																	
																																	
																																	
																																	
																																	
																																	
																																	
																																	
																																	
																																	
																																	
																																	
																																	
																																	
																																	
																																	
																																	
																																	
																																	
																																	
																																	
																																	
																																	
																																	
																																	
																																	
																																	
																																	
																																	
																																	
																																	
																																	
																																	
																																	
																																	
																																	
																																	
																																	
																																	
																																	
																																	
																																	
																																	
																																	
																																	
																																	
																																	
																																	
																																	
																																	
																																	
																																	
																																	
																																	
																																	
																																	
																																	
																																	
																																	
																																	
																																	
																																	
																																	
																																	
																																	
																																	
																																	
																																	
																																	
																																	
																																	
																																	
																																	
																																	
																																	
																																	
																																	
																																	
																																	
																																	
																																	
																																	
																																	
																																	
																																	
																																	
																																	
																																	
																																	
																																	
																																	
																																	
																																	
																																	
																																	
																																	
																																	
																																	
																																	
																																	
																																	
																																	
																																	
																																	
																																	
																																	
																																	
																																	
																																	
																																	
																																	
																																	
																																	
																																	
																																	
																																	
																																	
																																	
																																	
																																	
																																	
																																	
																																	
																																	
																																	
																																	
																																	
																																	
																																	
																																	
																																	
																																	
																																	
																																	
																																	
																																	
																																	
																																	
																																	
																																	
																																	
																																	
																																	
																																	
																																	
																																	
																																	
																																	
																																	
																																	
																																	
																																	
																																	
																																	
																																	
																																	
																																	
																																	
																																	
																																	
																																	
																																	
																																	
																																	
																																	
																																	
																																	
																																	
																																	
																																	
																																	
																																	
																																	
																																	
																																	
																																	
																																	
																																	
																																	
																																	
																																	
																																	
																																	
																																	
																																	
																																	
																																	
																																	
																																	
																																	
																																	
																																	
																																	
																																	
